finish_jobs,finish_time_2,min_eig_index,min_eig_value,status
0.0,0.0,0,0.0,NOT OK
0.0,0.20408163265306123,20480,0.0,NOT OK
0.0,0.40816326530612246,20480,0.0,NOT OK
0.0,0.6122448979591837,20480,0.0,NOT OK
0.0,0.8163265306122449,20480,0.0,NOT OK
0.0,1.0204081632653061,20480,0.0,NOT OK
0.0,1.2244897959183674,20480,0.0,NOT OK
0.0,1.4285714285714286,20480,0.0,NOT OK
0.0,1.6326530612244898,20480,0.0,NOT OK
0.0,1.836734693877551,20480,0.0,NOT OK
0.0,2.0408163265306123,20480,0.0,NOT OK
0.0,2.2448979591836737,20480,0.0,NOT OK
0.0,2.4489795918367347,20480,0.0,NOT OK
0.0,2.6530612244897958,20480,0.0,NOT OK
0.0,2.857142857142857,20480,0.0,NOT OK
0.0,3.0612244897959187,20480,0.0,NOT OK
0.0,3.2653061224489797,20480,0.0,NOT OK
0.0,3.4693877551020407,20480,0.0,NOT OK
0.0,3.673469387755102,20480,0.0,NOT OK
0.0,3.8775510204081636,20480,0.0,NOT OK
0.0,4.081632653061225,20480,0.0,NOT OK
0.0,4.285714285714286,20480,0.0,NOT OK
0.0,4.4897959183673475,20480,0.0,NOT OK
0.0,4.6938775510204085,20480,0.0,NOT OK
0.0,4.8979591836734695,20480,0.0,NOT OK
0.0,5.1020408163265305,20480,0.0,NOT OK
0.0,5.3061224489795915,20480,0.0,NOT OK
0.0,5.510204081632653,20480,0.0,NOT OK
0.0,5.714285714285714,20480,0.0,NOT OK
0.0,5.918367346938775,20480,0.0,NOT OK
0.0,6.122448979591837,20480,0.0,NOT OK
0.0,6.326530612244898,20480,0.0,NOT OK
0.0,6.530612244897959,20480,0.0,NOT OK
0.0,6.73469387755102,20480,0.0,NOT OK
0.0,6.938775510204081,20480,0.0,NOT OK
0.0,7.142857142857143,20480,0.0,NOT OK
0.0,7.346938775510204,20480,0.0,NOT OK
0.0,7.551020408163265,20480,0.0,NOT OK
0.0,7.755102040816327,20480,0.0,NOT OK
0.0,7.959183673469388,20480,0.0,NOT OK
0.0,8.16326530612245,20480,0.0,NOT OK
0.0,8.36734693877551,20480,0.0,NOT OK
0.0,8.571428571428571,20480,0.0,NOT OK
0.0,8.775510204081632,20480,0.0,NOT OK
0.0,8.979591836734695,20480,0.0,NOT OK
0.0,9.183673469387756,20480,0.0,NOT OK
0.0,9.387755102040817,20480,0.0,NOT OK
0.0,9.591836734693878,20480,0.0,NOT OK
0.0,9.795918367346939,20480,0.0,NOT OK
0.0,10.0,20480,0.0,NOT OK
0.20408163265306123,0.0,648,0.0,NOT OK
0.20408163265306123,0.20408163265306123,33728,0.0,OK
0.20408163265306123,0.40816326530612246,33728,0.0,OK
0.20408163265306123,0.6122448979591837,33728,0.0,OK
0.20408163265306123,0.8163265306122449,33728,0.0,OK
0.20408163265306123,1.0204081632653061,33728,0.0,OK
0.20408163265306123,1.2244897959183674,33728,0.0,OK
0.20408163265306123,1.4285714285714286,33728,0.0,OK
0.20408163265306123,1.6326530612244898,33728,0.0,OK
0.20408163265306123,1.836734693877551,33728,0.0,OK
0.20408163265306123,2.0408163265306123,33728,0.0,OK
0.20408163265306123,2.2448979591836737,33728,0.0,OK
0.20408163265306123,2.4489795918367347,33728,0.0,OK
0.20408163265306123,2.6530612244897958,33728,0.0,OK
0.20408163265306123,2.857142857142857,33728,0.0,OK
0.20408163265306123,3.0612244897959187,33728,0.0,OK
0.20408163265306123,3.2653061224489797,33728,0.0,OK
0.20408163265306123,3.4693877551020407,33728,0.0,OK
0.20408163265306123,3.673469387755102,33728,0.0,OK
0.20408163265306123,3.8775510204081636,33728,0.0,OK
0.20408163265306123,4.081632653061225,35888,0.0,OK
0.20408163265306123,4.285714285714286,33728,0.0,OK
0.20408163265306123,4.4897959183673475,33728,0.0,OK
0.20408163265306123,4.6938775510204085,33728,0.0,OK
0.20408163265306123,4.8979591836734695,33728,0.0,OK
0.20408163265306123,5.1020408163265305,33728,0.0,OK
0.20408163265306123,5.3061224489795915,35888,0.0,OK
0.20408163265306123,5.510204081632653,33728,0.0,OK
0.20408163265306123,5.714285714285714,33728,0.0,OK
0.20408163265306123,5.918367346938775,35888,0.0,OK
0.20408163265306123,6.122448979591837,33728,0.0,OK
0.20408163265306123,6.326530612244898,33728,0.0,OK
0.20408163265306123,6.530612244897959,33728,0.0,OK
0.20408163265306123,6.73469387755102,33728,0.0,OK
0.20408163265306123,6.938775510204081,33728,0.0,OK
0.20408163265306123,7.142857142857143,33728,0.0,OK
0.20408163265306123,7.346938775510204,33728,0.0,OK
0.20408163265306123,7.551020408163265,33728,0.0,OK
0.20408163265306123,7.755102040816327,33728,0.0,OK
0.20408163265306123,7.959183673469388,33728,0.0,OK
0.20408163265306123,8.16326530612245,33728,0.0,OK
0.20408163265306123,8.36734693877551,33728,0.0,OK
0.20408163265306123,8.571428571428571,33728,0.0,OK
0.20408163265306123,8.775510204081632,33728,0.0,OK
0.20408163265306123,8.979591836734695,33728,0.0,OK
0.20408163265306123,9.183673469387756,33728,0.0,OK
0.20408163265306123,9.387755102040817,33728,0.0,OK
0.20408163265306123,9.591836734693878,33728,0.0,OK
0.20408163265306123,9.795918367346939,33728,0.0,OK
0.20408163265306123,10.0,33728,0.0,OK
0.40816326530612246,0.0,648,0.0,NOT OK
0.40816326530612246,0.20408163265306123,33728,0.0,OK
0.40816326530612246,0.40816326530612246,33728,0.0,OK
0.40816326530612246,0.6122448979591837,33728,0.0,OK
0.40816326530612246,0.8163265306122449,33728,0.0,OK
0.40816326530612246,1.0204081632653061,33728,0.0,OK
0.40816326530612246,1.2244897959183674,33728,0.0,OK
0.40816326530612246,1.4285714285714286,33728,0.0,OK
0.40816326530612246,1.6326530612244898,33728,0.0,OK
0.40816326530612246,1.836734693877551,33728,0.0,OK
0.40816326530612246,2.0408163265306123,33728,0.0,OK
0.40816326530612246,2.2448979591836737,33728,0.0,OK
0.40816326530612246,2.4489795918367347,33728,0.0,OK
0.40816326530612246,2.6530612244897958,35888,0.0,OK
0.40816326530612246,2.857142857142857,33728,0.0,OK
0.40816326530612246,3.0612244897959187,33728,0.0,OK
0.40816326530612246,3.2653061224489797,33728,0.0,OK
0.40816326530612246,3.4693877551020407,33728,0.0,OK
0.40816326530612246,3.673469387755102,33728,0.0,OK
0.40816326530612246,3.8775510204081636,33728,0.0,OK
0.40816326530612246,4.081632653061225,35888,0.0,OK
0.40816326530612246,4.285714285714286,33728,0.0,OK
0.40816326530612246,4.4897959183673475,33728,0.0,OK
0.40816326530612246,4.6938775510204085,33728,0.0,OK
0.40816326530612246,4.8979591836734695,33728,0.0,OK
0.40816326530612246,5.1020408163265305,33728,0.0,OK
0.40816326530612246,5.3061224489795915,35888,0.0,OK
0.40816326530612246,5.510204081632653,33728,0.0,OK
0.40816326530612246,5.714285714285714,33728,0.0,OK
0.40816326530612246,5.918367346938775,35888,0.0,OK
0.40816326530612246,6.122448979591837,33728,0.0,OK
0.40816326530612246,6.326530612244898,33728,0.0,OK
0.40816326530612246,6.530612244897959,33728,0.0,OK
0.40816326530612246,6.73469387755102,33728,0.0,OK
0.40816326530612246,6.938775510204081,33728,0.0,OK
0.40816326530612246,7.142857142857143,33728,0.0,OK
0.40816326530612246,7.346938775510204,33728,0.0,OK
0.40816326530612246,7.551020408163265,33728,0.0,OK
0.40816326530612246,7.755102040816327,33728,0.0,OK
0.40816326530612246,7.959183673469388,33728,0.0,OK
0.40816326530612246,8.16326530612245,33728,0.0,OK
0.40816326530612246,8.36734693877551,33728,0.0,OK
0.40816326530612246,8.571428571428571,33728,0.0,OK
0.40816326530612246,8.775510204081632,33728,0.0,OK
0.40816326530612246,8.979591836734695,33728,0.0,OK
0.40816326530612246,9.183673469387756,33728,0.0,OK
0.40816326530612246,9.387755102040817,33728,0.0,OK
0.40816326530612246,9.591836734693878,33728,0.0,OK
0.40816326530612246,9.795918367346939,33728,0.0,OK
0.40816326530612246,10.0,33728,0.0,OK
0.6122448979591837,0.0,33288,0.0,NOT OK
0.6122448979591837,0.20408163265306123,33728,0.0,OK
0.6122448979591837,0.40816326530612246,33728,0.0,OK
0.6122448979591837,0.6122448979591837,33728,0.0,OK
0.6122448979591837,0.8163265306122449,33728,0.0,OK
0.6122448979591837,1.0204081632653061,33728,0.0,OK
0.6122448979591837,1.2244897959183674,33728,0.0,OK
0.6122448979591837,1.4285714285714286,33728,0.0,OK
0.6122448979591837,1.6326530612244898,33728,0.0,OK
0.6122448979591837,1.836734693877551,33728,0.0,OK
0.6122448979591837,2.0408163265306123,33728,0.0,OK
0.6122448979591837,2.2448979591836737,33728,0.0,OK
0.6122448979591837,2.4489795918367347,33728,0.0,OK
0.6122448979591837,2.6530612244897958,35888,0.0,OK
0.6122448979591837,2.857142857142857,33728,0.0,OK
0.6122448979591837,3.0612244897959187,33728,0.0,OK
0.6122448979591837,3.2653061224489797,33728,0.0,OK
0.6122448979591837,3.4693877551020407,33728,0.0,OK
0.6122448979591837,3.673469387755102,33728,0.0,OK
0.6122448979591837,3.8775510204081636,33728,0.0,OK
0.6122448979591837,4.081632653061225,35888,0.0,OK
0.6122448979591837,4.285714285714286,33728,0.0,OK
0.6122448979591837,4.4897959183673475,33728,0.0,OK
0.6122448979591837,4.6938775510204085,33728,0.0,OK
0.6122448979591837,4.8979591836734695,33728,0.0,OK
0.6122448979591837,5.1020408163265305,33728,0.0,OK
0.6122448979591837,5.3061224489795915,35888,0.0,OK
0.6122448979591837,5.510204081632653,33728,0.0,OK
0.6122448979591837,5.714285714285714,33728,0.0,OK
0.6122448979591837,5.918367346938775,35888,0.0,OK
0.6122448979591837,6.122448979591837,33728,0.0,OK
0.6122448979591837,6.326530612244898,33728,0.0,OK
0.6122448979591837,6.530612244897959,33728,0.0,OK
0.6122448979591837,6.73469387755102,33728,0.0,OK
0.6122448979591837,6.938775510204081,33728,0.0,OK
0.6122448979591837,7.142857142857143,33728,0.0,OK
0.6122448979591837,7.346938775510204,33728,0.0,OK
0.6122448979591837,7.551020408163265,33728,0.0,OK
0.6122448979591837,7.755102040816327,33728,0.0,OK
0.6122448979591837,7.959183673469388,33728,0.0,OK
0.6122448979591837,8.16326530612245,33728,0.0,OK
0.6122448979591837,8.36734693877551,33728,0.0,OK
0.6122448979591837,8.571428571428571,33728,0.0,OK
0.6122448979591837,8.775510204081632,33728,0.0,OK
0.6122448979591837,8.979591836734695,33728,0.0,OK
0.6122448979591837,9.183673469387756,33728,0.0,OK
0.6122448979591837,9.387755102040817,33728,0.0,OK
0.6122448979591837,9.591836734693878,33728,0.0,OK
0.6122448979591837,9.795918367346939,33728,0.0,OK
0.6122448979591837,10.0,33728,0.0,OK
0.8163265306122449,0.0,648,0.0,NOT OK
0.8163265306122449,0.20408163265306123,33728,0.0,OK
0.8163265306122449,0.40816326530612246,33728,0.0,OK
0.8163265306122449,0.6122448979591837,33728,0.0,OK
0.8163265306122449,0.8163265306122449,33728,0.0,OK
0.8163265306122449,1.0204081632653061,33728,0.0,OK
0.8163265306122449,1.2244897959183674,33728,0.0,OK
0.8163265306122449,1.4285714285714286,33728,0.0,OK
0.8163265306122449,1.6326530612244898,33728,0.0,OK
0.8163265306122449,1.836734693877551,33728,0.0,OK
0.8163265306122449,2.0408163265306123,33728,0.0,OK
0.8163265306122449,2.2448979591836737,33728,0.0,OK
0.8163265306122449,2.4489795918367347,33728,0.0,OK
0.8163265306122449,2.6530612244897958,35888,0.0,OK
0.8163265306122449,2.857142857142857,33728,0.0,OK
0.8163265306122449,3.0612244897959187,33728,0.0,OK
0.8163265306122449,3.2653061224489797,33728,0.0,OK
0.8163265306122449,3.4693877551020407,33728,0.0,OK
0.8163265306122449,3.673469387755102,33728,0.0,OK
0.8163265306122449,3.8775510204081636,33728,0.0,OK
0.8163265306122449,4.081632653061225,35888,0.0,OK
0.8163265306122449,4.285714285714286,33728,0.0,OK
0.8163265306122449,4.4897959183673475,33728,0.0,OK
0.8163265306122449,4.6938775510204085,33728,0.0,OK
0.8163265306122449,4.8979591836734695,33728,0.0,OK
0.8163265306122449,5.1020408163265305,33728,0.0,OK
0.8163265306122449,5.3061224489795915,35888,0.0,OK
0.8163265306122449,5.510204081632653,33728,0.0,OK
0.8163265306122449,5.714285714285714,33728,0.0,OK
0.8163265306122449,5.918367346938775,35888,0.0,OK
0.8163265306122449,6.122448979591837,33728,0.0,OK
0.8163265306122449,6.326530612244898,33728,0.0,OK
0.8163265306122449,6.530612244897959,33728,0.0,OK
0.8163265306122449,6.73469387755102,33728,0.0,OK
0.8163265306122449,6.938775510204081,33728,0.0,OK
0.8163265306122449,7.142857142857143,33728,0.0,OK
0.8163265306122449,7.346938775510204,33728,0.0,OK
0.8163265306122449,7.551020408163265,33728,0.0,OK
0.8163265306122449,7.755102040816327,33728,0.0,OK
0.8163265306122449,7.959183673469388,33728,0.0,OK
0.8163265306122449,8.16326530612245,33728,0.0,OK
0.8163265306122449,8.36734693877551,33728,0.0,OK
0.8163265306122449,8.571428571428571,33728,0.0,OK
0.8163265306122449,8.775510204081632,33728,0.0,OK
0.8163265306122449,8.979591836734695,33728,0.0,OK
0.8163265306122449,9.183673469387756,33728,0.0,OK
0.8163265306122449,9.387755102040817,33728,0.0,OK
0.8163265306122449,9.591836734693878,33728,0.0,OK
0.8163265306122449,9.795918367346939,33728,0.0,OK
0.8163265306122449,10.0,33728,0.0,OK
1.0204081632653061,0.0,33288,0.0,NOT OK
1.0204081632653061,0.20408163265306123,33728,0.0,OK
1.0204081632653061,0.40816326530612246,33728,0.0,OK
1.0204081632653061,0.6122448979591837,33728,0.0,OK
1.0204081632653061,0.8163265306122449,33728,0.0,OK
1.0204081632653061,1.0204081632653061,33728,0.0,OK
1.0204081632653061,1.2244897959183674,33728,0.0,OK
1.0204081632653061,1.4285714285714286,33728,0.0,OK
1.0204081632653061,1.6326530612244898,33728,0.0,OK
1.0204081632653061,1.836734693877551,33728,0.0,OK
1.0204081632653061,2.0408163265306123,33728,0.0,OK
1.0204081632653061,2.2448979591836737,33728,0.0,OK
1.0204081632653061,2.4489795918367347,33728,0.0,OK
1.0204081632653061,2.6530612244897958,33728,0.0,OK
1.0204081632653061,2.857142857142857,33728,0.0,OK
1.0204081632653061,3.0612244897959187,33728,0.0,OK
1.0204081632653061,3.2653061224489797,33728,0.0,OK
1.0204081632653061,3.4693877551020407,33728,0.0,OK
1.0204081632653061,3.673469387755102,33728,0.0,OK
1.0204081632653061,3.8775510204081636,33728,0.0,OK
1.0204081632653061,4.081632653061225,35888,0.0,OK
1.0204081632653061,4.285714285714286,33728,0.0,OK
1.0204081632653061,4.4897959183673475,33728,0.0,OK
1.0204081632653061,4.6938775510204085,33728,0.0,OK
1.0204081632653061,4.8979591836734695,33728,0.0,OK
1.0204081632653061,5.1020408163265305,33728,0.0,OK
1.0204081632653061,5.3061224489795915,35888,0.0,OK
1.0204081632653061,5.510204081632653,33728,0.0,OK
1.0204081632653061,5.714285714285714,33728,0.0,OK
1.0204081632653061,5.918367346938775,35888,0.0,OK
1.0204081632653061,6.122448979591837,33728,0.0,OK
1.0204081632653061,6.326530612244898,33728,0.0,OK
1.0204081632653061,6.530612244897959,33728,0.0,OK
1.0204081632653061,6.73469387755102,33728,0.0,OK
1.0204081632653061,6.938775510204081,33728,0.0,OK
1.0204081632653061,7.142857142857143,33728,0.0,OK
1.0204081632653061,7.346938775510204,33728,0.0,OK
1.0204081632653061,7.551020408163265,33728,0.0,OK
1.0204081632653061,7.755102040816327,33728,0.0,OK
1.0204081632653061,7.959183673469388,33728,0.0,OK
1.0204081632653061,8.16326530612245,33728,0.0,OK
1.0204081632653061,8.36734693877551,33728,0.0,OK
1.0204081632653061,8.571428571428571,33728,0.0,OK
1.0204081632653061,8.775510204081632,33728,0.0,OK
1.0204081632653061,8.979591836734695,33728,0.0,OK
1.0204081632653061,9.183673469387756,33728,0.0,OK
1.0204081632653061,9.387755102040817,33728,0.0,OK
1.0204081632653061,9.591836734693878,33728,0.0,OK
1.0204081632653061,9.795918367346939,33728,0.0,OK
1.0204081632653061,10.0,33728,0.0,OK
1.2244897959183674,0.0,648,0.0,NOT OK
1.2244897959183674,0.20408163265306123,33728,0.0,OK
1.2244897959183674,0.40816326530612246,33728,0.0,OK
1.2244897959183674,0.6122448979591837,33728,0.0,OK
1.2244897959183674,0.8163265306122449,33728,0.0,OK
1.2244897959183674,1.0204081632653061,33728,0.0,OK
1.2244897959183674,1.2244897959183674,33728,0.0,OK
1.2244897959183674,1.4285714285714286,33728,0.0,OK
1.2244897959183674,1.6326530612244898,33728,0.0,OK
1.2244897959183674,1.836734693877551,33728,0.0,OK
1.2244897959183674,2.0408163265306123,33728,0.0,OK
1.2244897959183674,2.2448979591836737,33728,0.0,OK
1.2244897959183674,2.4489795918367347,33728,0.0,OK
1.2244897959183674,2.6530612244897958,33728,0.0,OK
1.2244897959183674,2.857142857142857,33728,0.0,OK
1.2244897959183674,3.0612244897959187,33728,0.0,OK
1.2244897959183674,3.2653061224489797,33728,0.0,OK
1.2244897959183674,3.4693877551020407,33728,0.0,OK
1.2244897959183674,3.673469387755102,33728,0.0,OK
1.2244897959183674,3.8775510204081636,33728,0.0,OK
1.2244897959183674,4.081632653061225,35888,0.0,OK
1.2244897959183674,4.285714285714286,33728,0.0,OK
1.2244897959183674,4.4897959183673475,33728,0.0,OK
1.2244897959183674,4.6938775510204085,33728,0.0,OK
1.2244897959183674,4.8979591836734695,33728,0.0,OK
1.2244897959183674,5.1020408163265305,33728,0.0,OK
1.2244897959183674,5.3061224489795915,35888,0.0,OK
1.2244897959183674,5.510204081632653,33728,0.0,OK
1.2244897959183674,5.714285714285714,33728,0.0,OK
1.2244897959183674,5.918367346938775,35888,0.0,OK
1.2244897959183674,6.122448979591837,33728,0.0,OK
1.2244897959183674,6.326530612244898,33728,0.0,OK
1.2244897959183674,6.530612244897959,33728,0.0,OK
1.2244897959183674,6.73469387755102,33728,0.0,OK
1.2244897959183674,6.938775510204081,33728,0.0,OK
1.2244897959183674,7.142857142857143,33728,0.0,OK
1.2244897959183674,7.346938775510204,33728,0.0,OK
1.2244897959183674,7.551020408163265,33728,0.0,OK
1.2244897959183674,7.755102040816327,33728,0.0,OK
1.2244897959183674,7.959183673469388,33728,0.0,OK
1.2244897959183674,8.16326530612245,33728,0.0,OK
1.2244897959183674,8.36734693877551,33728,0.0,OK
1.2244897959183674,8.571428571428571,33728,0.0,OK
1.2244897959183674,8.775510204081632,33728,0.0,OK
1.2244897959183674,8.979591836734695,33728,0.0,OK
1.2244897959183674,9.183673469387756,33728,0.0,OK
1.2244897959183674,9.387755102040817,33728,0.0,OK
1.2244897959183674,9.591836734693878,33728,0.0,OK
1.2244897959183674,9.795918367346939,33728,0.0,OK
1.2244897959183674,10.0,33728,0.0,OK
1.4285714285714286,0.0,648,0.0,NOT OK
1.4285714285714286,0.20408163265306123,33728,0.0,OK
1.4285714285714286,0.40816326530612246,33728,0.0,OK
1.4285714285714286,0.6122448979591837,33728,0.0,OK
1.4285714285714286,0.8163265306122449,33728,0.0,OK
1.4285714285714286,1.0204081632653061,33728,0.0,OK
1.4285714285714286,1.2244897959183674,33728,0.0,OK
1.4285714285714286,1.4285714285714286,33728,0.0,OK
1.4285714285714286,1.6326530612244898,33728,0.0,OK
1.4285714285714286,1.836734693877551,33728,0.0,OK
1.4285714285714286,2.0408163265306123,33728,0.0,OK
1.4285714285714286,2.2448979591836737,33728,0.0,OK
1.4285714285714286,2.4489795918367347,33728,0.0,OK
1.4285714285714286,2.6530612244897958,33728,0.0,OK
1.4285714285714286,2.857142857142857,33728,0.0,OK
1.4285714285714286,3.0612244897959187,33728,0.0,OK
1.4285714285714286,3.2653061224489797,33728,0.0,OK
1.4285714285714286,3.4693877551020407,33728,0.0,OK
1.4285714285714286,3.673469387755102,33728,0.0,OK
1.4285714285714286,3.8775510204081636,33728,0.0,OK
1.4285714285714286,4.081632653061225,35888,0.0,OK
1.4285714285714286,4.285714285714286,33728,0.0,OK
1.4285714285714286,4.4897959183673475,33728,0.0,OK
1.4285714285714286,4.6938775510204085,33728,0.0,OK
1.4285714285714286,4.8979591836734695,33728,0.0,OK
1.4285714285714286,5.1020408163265305,33728,0.0,OK
1.4285714285714286,5.3061224489795915,35888,0.0,OK
1.4285714285714286,5.510204081632653,33728,0.0,OK
1.4285714285714286,5.714285714285714,33728,0.0,OK
1.4285714285714286,5.918367346938775,35888,0.0,OK
1.4285714285714286,6.122448979591837,33728,0.0,OK
1.4285714285714286,6.326530612244898,33728,0.0,OK
1.4285714285714286,6.530612244897959,33728,0.0,OK
1.4285714285714286,6.73469387755102,33728,0.0,OK
1.4285714285714286,6.938775510204081,33728,0.0,OK
1.4285714285714286,7.142857142857143,33728,0.0,OK
1.4285714285714286,7.346938775510204,33728,0.0,OK
1.4285714285714286,7.551020408163265,33728,0.0,OK
1.4285714285714286,7.755102040816327,33728,0.0,OK
1.4285714285714286,7.959183673469388,33728,0.0,OK
1.4285714285714286,8.16326530612245,33728,0.0,OK
1.4285714285714286,8.36734693877551,33728,0.0,OK
1.4285714285714286,8.571428571428571,33728,0.0,OK
1.4285714285714286,8.775510204081632,33728,0.0,OK
1.4285714285714286,8.979591836734695,33728,0.0,OK
1.4285714285714286,9.183673469387756,33728,0.0,OK
1.4285714285714286,9.387755102040817,33728,0.0,OK
1.4285714285714286,9.591836734693878,33728,0.0,OK
1.4285714285714286,9.795918367346939,33728,0.0,OK
1.4285714285714286,10.0,33728,0.0,OK
1.6326530612244898,0.0,648,0.0,NOT OK
1.6326530612244898,0.20408163265306123,33728,0.0,OK
1.6326530612244898,0.40816326530612246,33728,0.0,OK
1.6326530612244898,0.6122448979591837,33728,0.0,OK
1.6326530612244898,0.8163265306122449,33728,0.0,OK
1.6326530612244898,1.0204081632653061,33728,0.0,OK
1.6326530612244898,1.2244897959183674,33728,0.0,OK
1.6326530612244898,1.4285714285714286,33728,0.0,OK
1.6326530612244898,1.6326530612244898,33728,0.0,OK
1.6326530612244898,1.836734693877551,33728,0.0,OK
1.6326530612244898,2.0408163265306123,33728,0.0,OK
1.6326530612244898,2.2448979591836737,33728,0.0,OK
1.6326530612244898,2.4489795918367347,33728,0.0,OK
1.6326530612244898,2.6530612244897958,35888,0.0,OK
1.6326530612244898,2.857142857142857,33728,0.0,OK
1.6326530612244898,3.0612244897959187,33728,0.0,OK
1.6326530612244898,3.2653061224489797,33728,0.0,OK
1.6326530612244898,3.4693877551020407,33728,0.0,OK
1.6326530612244898,3.673469387755102,33728,0.0,OK
1.6326530612244898,3.8775510204081636,33728,0.0,OK
1.6326530612244898,4.081632653061225,35888,0.0,OK
1.6326530612244898,4.285714285714286,33728,0.0,OK
1.6326530612244898,4.4897959183673475,33728,0.0,OK
1.6326530612244898,4.6938775510204085,33728,0.0,OK
1.6326530612244898,4.8979591836734695,33728,0.0,OK
1.6326530612244898,5.1020408163265305,33728,0.0,OK
1.6326530612244898,5.3061224489795915,35888,0.0,OK
1.6326530612244898,5.510204081632653,33728,0.0,OK
1.6326530612244898,5.714285714285714,33728,0.0,OK
1.6326530612244898,5.918367346938775,35888,0.0,OK
1.6326530612244898,6.122448979591837,33728,0.0,OK
1.6326530612244898,6.326530612244898,33728,0.0,OK
1.6326530612244898,6.530612244897959,33728,0.0,OK
1.6326530612244898,6.73469387755102,33728,0.0,OK
1.6326530612244898,6.938775510204081,33728,0.0,OK
1.6326530612244898,7.142857142857143,33728,0.0,OK
1.6326530612244898,7.346938775510204,33728,0.0,OK
1.6326530612244898,7.551020408163265,33728,0.0,OK
1.6326530612244898,7.755102040816327,33728,0.0,OK
1.6326530612244898,7.959183673469388,33728,0.0,OK
1.6326530612244898,8.16326530612245,33728,0.0,OK
1.6326530612244898,8.36734693877551,33728,0.0,OK
1.6326530612244898,8.571428571428571,33728,0.0,OK
1.6326530612244898,8.775510204081632,33728,0.0,OK
1.6326530612244898,8.979591836734695,33728,0.0,OK
1.6326530612244898,9.183673469387756,33728,0.0,OK
1.6326530612244898,9.387755102040817,33728,0.0,OK
1.6326530612244898,9.591836734693878,33728,0.0,OK
1.6326530612244898,9.795918367346939,33728,0.0,OK
1.6326530612244898,10.0,33728,0.0,OK
1.836734693877551,0.0,648,0.0,NOT OK
1.836734693877551,0.20408163265306123,33728,0.0,OK
1.836734693877551,0.40816326530612246,33728,0.0,OK
1.836734693877551,0.6122448979591837,33728,0.0,OK
1.836734693877551,0.8163265306122449,33728,0.0,OK
1.836734693877551,1.0204081632653061,33728,0.0,OK
1.836734693877551,1.2244897959183674,33728,0.0,OK
1.836734693877551,1.4285714285714286,33728,0.0,OK
1.836734693877551,1.6326530612244898,33728,0.0,OK
1.836734693877551,1.836734693877551,33728,0.0,OK
1.836734693877551,2.0408163265306123,33728,0.0,OK
1.836734693877551,2.2448979591836737,33728,0.0,OK
1.836734693877551,2.4489795918367347,33728,0.0,OK
1.836734693877551,2.6530612244897958,35888,0.0,OK
1.836734693877551,2.857142857142857,33728,0.0,OK
1.836734693877551,3.0612244897959187,33728,0.0,OK
1.836734693877551,3.2653061224489797,33728,0.0,OK
1.836734693877551,3.4693877551020407,33728,0.0,OK
1.836734693877551,3.673469387755102,33728,0.0,OK
1.836734693877551,3.8775510204081636,33728,0.0,OK
1.836734693877551,4.081632653061225,35888,0.0,OK
1.836734693877551,4.285714285714286,33728,0.0,OK
1.836734693877551,4.4897959183673475,33728,0.0,OK
1.836734693877551,4.6938775510204085,33728,0.0,OK
1.836734693877551,4.8979591836734695,33728,0.0,OK
1.836734693877551,5.1020408163265305,33728,0.0,OK
1.836734693877551,5.3061224489795915,35888,0.0,OK
1.836734693877551,5.510204081632653,33728,0.0,OK
1.836734693877551,5.714285714285714,33728,0.0,OK
1.836734693877551,5.918367346938775,33728,0.0,OK
1.836734693877551,6.122448979591837,33728,0.0,OK
1.836734693877551,6.326530612244898,33728,0.0,OK
1.836734693877551,6.530612244897959,33728,0.0,OK
1.836734693877551,6.73469387755102,33728,0.0,OK
1.836734693877551,6.938775510204081,33728,0.0,OK
1.836734693877551,7.142857142857143,33728,0.0,OK
1.836734693877551,7.346938775510204,33728,0.0,OK
1.836734693877551,7.551020408163265,33728,0.0,OK
1.836734693877551,7.755102040816327,33728,0.0,OK
1.836734693877551,7.959183673469388,33728,0.0,OK
1.836734693877551,8.16326530612245,33728,0.0,OK
1.836734693877551,8.36734693877551,33728,0.0,OK
1.836734693877551,8.571428571428571,33728,0.0,OK
1.836734693877551,8.775510204081632,33728,0.0,OK
1.836734693877551,8.979591836734695,33728,0.0,OK
1.836734693877551,9.183673469387756,33728,0.0,OK
1.836734693877551,9.387755102040817,33728,0.0,OK
1.836734693877551,9.591836734693878,33728,0.0,OK
1.836734693877551,9.795918367346939,33728,0.0,OK
1.836734693877551,10.0,33728,0.0,OK
2.0408163265306123,0.0,648,0.0,NOT OK
2.0408163265306123,0.20408163265306123,33728,0.0,OK
2.0408163265306123,0.40816326530612246,33728,0.0,OK
2.0408163265306123,0.6122448979591837,33728,0.0,OK
2.0408163265306123,0.8163265306122449,33728,0.0,OK
2.0408163265306123,1.0204081632653061,33728,0.0,OK
2.0408163265306123,1.2244897959183674,33728,0.0,OK
2.0408163265306123,1.4285714285714286,33728,0.0,OK
2.0408163265306123,1.6326530612244898,33728,0.0,OK
2.0408163265306123,1.836734693877551,33728,0.0,OK
2.0408163265306123,2.0408163265306123,33728,0.0,OK
2.0408163265306123,2.2448979591836737,33728,0.0,OK
2.0408163265306123,2.4489795918367347,33728,0.0,OK
2.0408163265306123,2.6530612244897958,35888,0.0,OK
2.0408163265306123,2.857142857142857,33728,0.0,OK
2.0408163265306123,3.0612244897959187,33728,0.0,OK
2.0408163265306123,3.2653061224489797,33728,0.0,OK
2.0408163265306123,3.4693877551020407,33728,0.0,OK
2.0408163265306123,3.673469387755102,33728,0.0,OK
2.0408163265306123,3.8775510204081636,33728,0.0,OK
2.0408163265306123,4.081632653061225,35888,0.0,OK
2.0408163265306123,4.285714285714286,33728,0.0,OK
2.0408163265306123,4.4897959183673475,33728,0.0,OK
2.0408163265306123,4.6938775510204085,33728,0.0,OK
2.0408163265306123,4.8979591836734695,33728,0.0,OK
2.0408163265306123,5.1020408163265305,33728,0.0,OK
2.0408163265306123,5.3061224489795915,35888,0.0,OK
2.0408163265306123,5.510204081632653,33728,0.0,OK
2.0408163265306123,5.714285714285714,33728,0.0,OK
2.0408163265306123,5.918367346938775,35888,0.0,OK
2.0408163265306123,6.122448979591837,33728,0.0,OK
2.0408163265306123,6.326530612244898,33728,0.0,OK
2.0408163265306123,6.530612244897959,33728,0.0,OK
2.0408163265306123,6.73469387755102,33728,0.0,OK
2.0408163265306123,6.938775510204081,33728,0.0,OK
2.0408163265306123,7.142857142857143,33728,0.0,OK
2.0408163265306123,7.346938775510204,33728,0.0,OK
2.0408163265306123,7.551020408163265,33728,0.0,OK
2.0408163265306123,7.755102040816327,33728,0.0,OK
2.0408163265306123,7.959183673469388,33728,0.0,OK
2.0408163265306123,8.16326530612245,33728,0.0,OK
2.0408163265306123,8.36734693877551,33728,0.0,OK
2.0408163265306123,8.571428571428571,33728,0.0,OK
2.0408163265306123,8.775510204081632,33728,0.0,OK
2.0408163265306123,8.979591836734695,33728,0.0,OK
2.0408163265306123,9.183673469387756,33728,0.0,OK
2.0408163265306123,9.387755102040817,33728,0.0,OK
2.0408163265306123,9.591836734693878,33728,0.0,OK
2.0408163265306123,9.795918367346939,33728,0.0,OK
2.0408163265306123,10.0,33728,0.0,OK
2.2448979591836737,0.0,648,0.0,NOT OK
2.2448979591836737,0.20408163265306123,33728,0.0,OK
2.2448979591836737,0.40816326530612246,33728,0.0,OK
2.2448979591836737,0.6122448979591837,33728,0.0,OK
2.2448979591836737,0.8163265306122449,33728,0.0,OK
2.2448979591836737,1.0204081632653061,33728,0.0,OK
2.2448979591836737,1.2244897959183674,33728,0.0,OK
2.2448979591836737,1.4285714285714286,33728,0.0,OK
2.2448979591836737,1.6326530612244898,33728,0.0,OK
2.2448979591836737,1.836734693877551,33728,0.0,OK
2.2448979591836737,2.0408163265306123,33728,0.0,OK
2.2448979591836737,2.2448979591836737,33728,0.0,OK
2.2448979591836737,2.4489795918367347,33728,0.0,OK
2.2448979591836737,2.6530612244897958,33728,0.0,OK
2.2448979591836737,2.857142857142857,33728,0.0,OK
2.2448979591836737,3.0612244897959187,33728,0.0,OK
2.2448979591836737,3.2653061224489797,33728,0.0,OK
2.2448979591836737,3.4693877551020407,33728,0.0,OK
2.2448979591836737,3.673469387755102,33728,0.0,OK
2.2448979591836737,3.8775510204081636,33728,0.0,OK
2.2448979591836737,4.081632653061225,35888,0.0,OK
2.2448979591836737,4.285714285714286,33728,0.0,OK
2.2448979591836737,4.4897959183673475,33728,0.0,OK
2.2448979591836737,4.6938775510204085,33728,0.0,OK
2.2448979591836737,4.8979591836734695,33728,0.0,OK
2.2448979591836737,5.1020408163265305,33728,0.0,OK
2.2448979591836737,5.3061224489795915,35888,0.0,OK
2.2448979591836737,5.510204081632653,33728,0.0,OK
2.2448979591836737,5.714285714285714,33728,0.0,OK
2.2448979591836737,5.918367346938775,35888,0.0,OK
2.2448979591836737,6.122448979591837,33728,0.0,OK
2.2448979591836737,6.326530612244898,33728,0.0,OK
2.2448979591836737,6.530612244897959,33728,0.0,OK
2.2448979591836737,6.73469387755102,33728,0.0,OK
2.2448979591836737,6.938775510204081,33728,0.0,OK
2.2448979591836737,7.142857142857143,33728,0.0,OK
2.2448979591836737,7.346938775510204,33728,0.0,OK
2.2448979591836737,7.551020408163265,33728,0.0,OK
2.2448979591836737,7.755102040816327,33728,0.0,OK
2.2448979591836737,7.959183673469388,33728,0.0,OK
2.2448979591836737,8.16326530612245,33728,0.0,OK
2.2448979591836737,8.36734693877551,33728,0.0,OK
2.2448979591836737,8.571428571428571,33728,0.0,OK
2.2448979591836737,8.775510204081632,33728,0.0,OK
2.2448979591836737,8.979591836734695,33728,0.0,OK
2.2448979591836737,9.183673469387756,33728,0.0,OK
2.2448979591836737,9.387755102040817,33728,0.0,OK
2.2448979591836737,9.591836734693878,33728,0.0,OK
2.2448979591836737,9.795918367346939,33728,0.0,OK
2.2448979591836737,10.0,33728,0.0,OK
2.4489795918367347,0.0,648,0.0,NOT OK
2.4489795918367347,0.20408163265306123,33728,0.0,OK
2.4489795918367347,0.40816326530612246,33728,0.0,OK
2.4489795918367347,0.6122448979591837,33728,0.0,OK
2.4489795918367347,0.8163265306122449,33728,0.0,OK
2.4489795918367347,1.0204081632653061,33728,0.0,OK
2.4489795918367347,1.2244897959183674,33728,0.0,OK
2.4489795918367347,1.4285714285714286,33728,0.0,OK
2.4489795918367347,1.6326530612244898,33728,0.0,OK
2.4489795918367347,1.836734693877551,33728,0.0,OK
2.4489795918367347,2.0408163265306123,33728,0.0,OK
2.4489795918367347,2.2448979591836737,33728,0.0,OK
2.4489795918367347,2.4489795918367347,33728,0.0,OK
2.4489795918367347,2.6530612244897958,33728,0.0,OK
2.4489795918367347,2.857142857142857,33728,0.0,OK
2.4489795918367347,3.0612244897959187,33728,0.0,OK
2.4489795918367347,3.2653061224489797,33728,0.0,OK
2.4489795918367347,3.4693877551020407,33728,0.0,OK
2.4489795918367347,3.673469387755102,33728,0.0,OK
2.4489795918367347,3.8775510204081636,33728,0.0,OK
2.4489795918367347,4.081632653061225,35888,0.0,OK
2.4489795918367347,4.285714285714286,33728,0.0,OK
2.4489795918367347,4.4897959183673475,33728,0.0,OK
2.4489795918367347,4.6938775510204085,33728,0.0,OK
2.4489795918367347,4.8979591836734695,33728,0.0,OK
2.4489795918367347,5.1020408163265305,33728,0.0,OK
2.4489795918367347,5.3061224489795915,35888,0.0,OK
2.4489795918367347,5.510204081632653,33728,0.0,OK
2.4489795918367347,5.714285714285714,33728,0.0,OK
2.4489795918367347,5.918367346938775,33728,0.0,OK
2.4489795918367347,6.122448979591837,33728,0.0,OK
2.4489795918367347,6.326530612244898,33728,0.0,OK
2.4489795918367347,6.530612244897959,33728,0.0,OK
2.4489795918367347,6.73469387755102,33728,0.0,OK
2.4489795918367347,6.938775510204081,33728,0.0,OK
2.4489795918367347,7.142857142857143,33728,0.0,OK
2.4489795918367347,7.346938775510204,33728,0.0,OK
2.4489795918367347,7.551020408163265,33728,0.0,OK
2.4489795918367347,7.755102040816327,33728,0.0,OK
2.4489795918367347,7.959183673469388,33728,0.0,OK
2.4489795918367347,8.16326530612245,33728,0.0,OK
2.4489795918367347,8.36734693877551,33728,0.0,OK
2.4489795918367347,8.571428571428571,33728,0.0,OK
2.4489795918367347,8.775510204081632,33728,0.0,OK
2.4489795918367347,8.979591836734695,33728,0.0,OK
2.4489795918367347,9.183673469387756,33728,0.0,OK
2.4489795918367347,9.387755102040817,33728,0.0,OK
2.4489795918367347,9.591836734693878,33728,0.0,OK
2.4489795918367347,9.795918367346939,33728,0.0,OK
2.4489795918367347,10.0,33728,0.0,OK
2.6530612244897958,0.0,648,0.0,NOT OK
2.6530612244897958,0.20408163265306123,33728,0.0,OK
2.6530612244897958,0.40816326530612246,33728,0.0,OK
2.6530612244897958,0.6122448979591837,33728,0.0,OK
2.6530612244897958,0.8163265306122449,33728,0.0,OK
2.6530612244897958,1.0204081632653061,33728,0.0,OK
2.6530612244897958,1.2244897959183674,33728,0.0,OK
2.6530612244897958,1.4285714285714286,33728,0.0,OK
2.6530612244897958,1.6326530612244898,33728,0.0,OK
2.6530612244897958,1.836734693877551,33728,0.0,OK
2.6530612244897958,2.0408163265306123,33728,0.0,OK
2.6530612244897958,2.2448979591836737,33728,0.0,OK
2.6530612244897958,2.4489795918367347,33728,0.0,OK
2.6530612244897958,2.6530612244897958,33728,0.0,OK
2.6530612244897958,2.857142857142857,33728,0.0,OK
2.6530612244897958,3.0612244897959187,33728,0.0,OK
2.6530612244897958,3.2653061224489797,33728,0.0,OK
2.6530612244897958,3.4693877551020407,33728,0.0,OK
2.6530612244897958,3.673469387755102,33728,0.0,OK
2.6530612244897958,3.8775510204081636,33728,0.0,OK
2.6530612244897958,4.081632653061225,35888,0.0,OK
2.6530612244897958,4.285714285714286,33728,0.0,OK
2.6530612244897958,4.4897959183673475,33728,0.0,OK
2.6530612244897958,4.6938775510204085,33728,0.0,OK
2.6530612244897958,4.8979591836734695,33728,0.0,OK
2.6530612244897958,5.1020408163265305,33728,0.0,OK
2.6530612244897958,5.3061224489795915,35888,0.0,OK
2.6530612244897958,5.510204081632653,33728,0.0,OK
2.6530612244897958,5.714285714285714,33728,0.0,OK
2.6530612244897958,5.918367346938775,35888,0.0,OK
2.6530612244897958,6.122448979591837,33728,0.0,OK
2.6530612244897958,6.326530612244898,33728,0.0,OK
2.6530612244897958,6.530612244897959,33728,0.0,OK
2.6530612244897958,6.73469387755102,33728,0.0,OK
2.6530612244897958,6.938775510204081,33728,0.0,OK
2.6530612244897958,7.142857142857143,33728,0.0,OK
2.6530612244897958,7.346938775510204,33728,0.0,OK
2.6530612244897958,7.551020408163265,33728,0.0,OK
2.6530612244897958,7.755102040816327,33728,0.0,OK
2.6530612244897958,7.959183673469388,33728,0.0,OK
2.6530612244897958,8.16326530612245,33728,0.0,OK
2.6530612244897958,8.36734693877551,33728,0.0,OK
2.6530612244897958,8.571428571428571,33728,0.0,OK
2.6530612244897958,8.775510204081632,33728,0.0,OK
2.6530612244897958,8.979591836734695,33728,0.0,OK
2.6530612244897958,9.183673469387756,33728,0.0,OK
2.6530612244897958,9.387755102040817,33728,0.0,OK
2.6530612244897958,9.591836734693878,33728,0.0,OK
2.6530612244897958,9.795918367346939,33728,0.0,OK
2.6530612244897958,10.0,33728,0.0,OK
2.857142857142857,0.0,648,0.0,NOT OK
2.857142857142857,0.20408163265306123,33728,0.0,OK
2.857142857142857,0.40816326530612246,33728,0.0,OK
2.857142857142857,0.6122448979591837,33728,0.0,OK
2.857142857142857,0.8163265306122449,33728,0.0,OK
2.857142857142857,1.0204081632653061,33728,0.0,OK
2.857142857142857,1.2244897959183674,33728,0.0,OK
2.857142857142857,1.4285714285714286,33728,0.0,OK
2.857142857142857,1.6326530612244898,33728,0.0,OK
2.857142857142857,1.836734693877551,33728,0.0,OK
2.857142857142857,2.0408163265306123,33728,0.0,OK
2.857142857142857,2.2448979591836737,33728,0.0,OK
2.857142857142857,2.4489795918367347,33728,0.0,OK
2.857142857142857,2.6530612244897958,35888,0.0,OK
2.857142857142857,2.857142857142857,33728,0.0,OK
2.857142857142857,3.0612244897959187,33728,0.0,OK
2.857142857142857,3.2653061224489797,33728,0.0,OK
2.857142857142857,3.4693877551020407,33728,0.0,OK
2.857142857142857,3.673469387755102,33728,0.0,OK
2.857142857142857,3.8775510204081636,33728,0.0,OK
2.857142857142857,4.081632653061225,35888,0.0,OK
2.857142857142857,4.285714285714286,33728,0.0,OK
2.857142857142857,4.4897959183673475,33728,0.0,OK
2.857142857142857,4.6938775510204085,33728,0.0,OK
2.857142857142857,4.8979591836734695,33728,0.0,OK
2.857142857142857,5.1020408163265305,33728,0.0,OK
2.857142857142857,5.3061224489795915,35888,0.0,OK
2.857142857142857,5.510204081632653,33728,0.0,OK
2.857142857142857,5.714285714285714,33728,0.0,OK
2.857142857142857,5.918367346938775,35888,0.0,OK
2.857142857142857,6.122448979591837,33728,0.0,OK
2.857142857142857,6.326530612244898,33728,0.0,OK
2.857142857142857,6.530612244897959,33728,0.0,OK
2.857142857142857,6.73469387755102,33728,0.0,OK
2.857142857142857,6.938775510204081,33728,0.0,OK
2.857142857142857,7.142857142857143,33728,0.0,OK
2.857142857142857,7.346938775510204,33728,0.0,OK
2.857142857142857,7.551020408163265,33728,0.0,OK
2.857142857142857,7.755102040816327,33728,0.0,OK
2.857142857142857,7.959183673469388,33728,0.0,OK
2.857142857142857,8.16326530612245,33728,0.0,OK
2.857142857142857,8.36734693877551,33728,0.0,OK
2.857142857142857,8.571428571428571,33728,0.0,OK
2.857142857142857,8.775510204081632,33728,0.0,OK
2.857142857142857,8.979591836734695,33728,0.0,OK
2.857142857142857,9.183673469387756,33728,0.0,OK
2.857142857142857,9.387755102040817,33728,0.0,OK
2.857142857142857,9.591836734693878,33728,0.0,OK
2.857142857142857,9.795918367346939,33728,0.0,OK
2.857142857142857,10.0,33728,0.0,OK
3.0612244897959187,0.0,648,0.0,NOT OK
3.0612244897959187,0.20408163265306123,33728,0.0,OK
3.0612244897959187,0.40816326530612246,33728,0.0,OK
3.0612244897959187,0.6122448979591837,33728,0.0,OK
3.0612244897959187,0.8163265306122449,33728,0.0,OK
3.0612244897959187,1.0204081632653061,33728,0.0,OK
3.0612244897959187,1.2244897959183674,33728,0.0,OK
3.0612244897959187,1.4285714285714286,33728,0.0,OK
3.0612244897959187,1.6326530612244898,33728,0.0,OK
3.0612244897959187,1.836734693877551,33728,0.0,OK
3.0612244897959187,2.0408163265306123,33728,0.0,OK
3.0612244897959187,2.2448979591836737,33728,0.0,OK
3.0612244897959187,2.4489795918367347,33728,0.0,OK
3.0612244897959187,2.6530612244897958,35888,0.0,OK
3.0612244897959187,2.857142857142857,33728,0.0,OK
3.0612244897959187,3.0612244897959187,33728,0.0,OK
3.0612244897959187,3.2653061224489797,33728,0.0,OK
3.0612244897959187,3.4693877551020407,33728,0.0,OK
3.0612244897959187,3.673469387755102,33728,0.0,OK
3.0612244897959187,3.8775510204081636,33728,0.0,OK
3.0612244897959187,4.081632653061225,35888,0.0,OK
3.0612244897959187,4.285714285714286,33728,0.0,OK
3.0612244897959187,4.4897959183673475,33728,0.0,OK
3.0612244897959187,4.6938775510204085,33728,0.0,OK
3.0612244897959187,4.8979591836734695,33728,0.0,OK
3.0612244897959187,5.1020408163265305,33728,0.0,OK
3.0612244897959187,5.3061224489795915,33728,0.0,OK
3.0612244897959187,5.510204081632653,33728,0.0,OK
3.0612244897959187,5.714285714285714,33728,0.0,OK
3.0612244897959187,5.918367346938775,35888,0.0,OK
3.0612244897959187,6.122448979591837,33728,0.0,OK
3.0612244897959187,6.326530612244898,33728,0.0,OK
3.0612244897959187,6.530612244897959,33728,0.0,OK
3.0612244897959187,6.73469387755102,33728,0.0,OK
3.0612244897959187,6.938775510204081,33728,0.0,OK
3.0612244897959187,7.142857142857143,33728,0.0,OK
3.0612244897959187,7.346938775510204,33728,0.0,OK
3.0612244897959187,7.551020408163265,33728,0.0,OK
3.0612244897959187,7.755102040816327,33728,0.0,OK
3.0612244897959187,7.959183673469388,33728,0.0,OK
3.0612244897959187,8.16326530612245,33728,0.0,OK
3.0612244897959187,8.36734693877551,33728,0.0,OK
3.0612244897959187,8.571428571428571,33728,0.0,OK
3.0612244897959187,8.775510204081632,33728,0.0,OK
3.0612244897959187,8.979591836734695,33728,0.0,OK
3.0612244897959187,9.183673469387756,33728,0.0,OK
3.0612244897959187,9.387755102040817,33728,0.0,OK
3.0612244897959187,9.591836734693878,33728,0.0,OK
3.0612244897959187,9.795918367346939,33728,0.0,OK
3.0612244897959187,10.0,33728,0.0,OK
3.2653061224489797,0.0,648,0.0,NOT OK
3.2653061224489797,0.20408163265306123,33728,0.0,OK
3.2653061224489797,0.40816326530612246,33728,0.0,OK
3.2653061224489797,0.6122448979591837,33728,0.0,OK
3.2653061224489797,0.8163265306122449,33728,0.0,OK
3.2653061224489797,1.0204081632653061,33728,0.0,OK
3.2653061224489797,1.2244897959183674,33728,0.0,OK
3.2653061224489797,1.4285714285714286,33728,0.0,OK
3.2653061224489797,1.6326530612244898,33728,0.0,OK
3.2653061224489797,1.836734693877551,33728,0.0,OK
3.2653061224489797,2.0408163265306123,33728,0.0,OK
3.2653061224489797,2.2448979591836737,33728,0.0,OK
3.2653061224489797,2.4489795918367347,33728,0.0,OK
3.2653061224489797,2.6530612244897958,35888,0.0,OK
3.2653061224489797,2.857142857142857,33728,0.0,OK
3.2653061224489797,3.0612244897959187,33728,0.0,OK
3.2653061224489797,3.2653061224489797,33728,0.0,OK
3.2653061224489797,3.4693877551020407,33728,0.0,OK
3.2653061224489797,3.673469387755102,33728,0.0,OK
3.2653061224489797,3.8775510204081636,33728,0.0,OK
3.2653061224489797,4.081632653061225,35888,0.0,OK
3.2653061224489797,4.285714285714286,33728,0.0,OK
3.2653061224489797,4.4897959183673475,33728,0.0,OK
3.2653061224489797,4.6938775510204085,33728,0.0,OK
3.2653061224489797,4.8979591836734695,33728,0.0,OK
3.2653061224489797,5.1020408163265305,33728,0.0,OK
3.2653061224489797,5.3061224489795915,35888,0.0,OK
3.2653061224489797,5.510204081632653,33728,0.0,OK
3.2653061224489797,5.714285714285714,33728,0.0,OK
3.2653061224489797,5.918367346938775,35888,0.0,OK
3.2653061224489797,6.122448979591837,33728,0.0,OK
3.2653061224489797,6.326530612244898,33728,0.0,OK
3.2653061224489797,6.530612244897959,33728,0.0,OK
3.2653061224489797,6.73469387755102,33728,0.0,OK
3.2653061224489797,6.938775510204081,33728,0.0,OK
3.2653061224489797,7.142857142857143,33728,0.0,OK
3.2653061224489797,7.346938775510204,33728,0.0,OK
3.2653061224489797,7.551020408163265,33728,0.0,OK
3.2653061224489797,7.755102040816327,33728,0.0,OK
3.2653061224489797,7.959183673469388,33728,0.0,OK
3.2653061224489797,8.16326530612245,33728,0.0,OK
3.2653061224489797,8.36734693877551,33728,0.0,OK
3.2653061224489797,8.571428571428571,33728,0.0,OK
3.2653061224489797,8.775510204081632,33728,0.0,OK
3.2653061224489797,8.979591836734695,33728,0.0,OK
3.2653061224489797,9.183673469387756,33728,0.0,OK
3.2653061224489797,9.387755102040817,33728,0.0,OK
3.2653061224489797,9.591836734693878,33728,0.0,OK
3.2653061224489797,9.795918367346939,33728,0.0,OK
3.2653061224489797,10.0,33728,0.0,OK
3.4693877551020407,0.0,648,0.0,NOT OK
3.4693877551020407,0.20408163265306123,33728,0.0,OK
3.4693877551020407,0.40816326530612246,33728,0.0,OK
3.4693877551020407,0.6122448979591837,33728,0.0,OK
3.4693877551020407,0.8163265306122449,33728,0.0,OK
3.4693877551020407,1.0204081632653061,33728,0.0,OK
3.4693877551020407,1.2244897959183674,33728,0.0,OK
3.4693877551020407,1.4285714285714286,33728,0.0,OK
3.4693877551020407,1.6326530612244898,33728,0.0,OK
3.4693877551020407,1.836734693877551,33728,0.0,OK
3.4693877551020407,2.0408163265306123,33728,0.0,OK
3.4693877551020407,2.2448979591836737,33728,0.0,OK
3.4693877551020407,2.4489795918367347,33728,0.0,OK
3.4693877551020407,2.6530612244897958,33728,0.0,OK
3.4693877551020407,2.857142857142857,33728,0.0,OK
3.4693877551020407,3.0612244897959187,33728,0.0,OK
3.4693877551020407,3.2653061224489797,33728,0.0,OK
3.4693877551020407,3.4693877551020407,33728,0.0,OK
3.4693877551020407,3.673469387755102,33728,0.0,OK
3.4693877551020407,3.8775510204081636,33728,0.0,OK
3.4693877551020407,4.081632653061225,33728,0.0,OK
3.4693877551020407,4.285714285714286,33728,0.0,OK
3.4693877551020407,4.4897959183673475,33728,0.0,OK
3.4693877551020407,4.6938775510204085,33728,0.0,OK
3.4693877551020407,4.8979591836734695,33728,0.0,OK
3.4693877551020407,5.1020408163265305,33728,0.0,OK
3.4693877551020407,5.3061224489795915,35888,0.0,OK
3.4693877551020407,5.510204081632653,33728,0.0,OK
3.4693877551020407,5.714285714285714,33728,0.0,OK
3.4693877551020407,5.918367346938775,35888,0.0,OK
3.4693877551020407,6.122448979591837,33728,0.0,OK
3.4693877551020407,6.326530612244898,33728,0.0,OK
3.4693877551020407,6.530612244897959,33728,0.0,OK
3.4693877551020407,6.73469387755102,33728,0.0,OK
3.4693877551020407,6.938775510204081,33728,0.0,OK
3.4693877551020407,7.142857142857143,33728,0.0,OK
3.4693877551020407,7.346938775510204,33728,0.0,OK
3.4693877551020407,7.551020408163265,33728,0.0,OK
3.4693877551020407,7.755102040816327,33728,0.0,OK
3.4693877551020407,7.959183673469388,33728,0.0,OK
3.4693877551020407,8.16326530612245,33728,0.0,OK
3.4693877551020407,8.36734693877551,33728,0.0,OK
3.4693877551020407,8.571428571428571,33728,0.0,OK
3.4693877551020407,8.775510204081632,33728,0.0,OK
3.4693877551020407,8.979591836734695,33728,0.0,OK
3.4693877551020407,9.183673469387756,33728,0.0,OK
3.4693877551020407,9.387755102040817,33728,0.0,OK
3.4693877551020407,9.591836734693878,33728,0.0,OK
3.4693877551020407,9.795918367346939,33728,0.0,OK
3.4693877551020407,10.0,33728,0.0,OK
3.673469387755102,0.0,648,0.0,NOT OK
3.673469387755102,0.20408163265306123,33728,0.0,OK
3.673469387755102,0.40816326530612246,33728,0.0,OK
3.673469387755102,0.6122448979591837,33728,0.0,OK
3.673469387755102,0.8163265306122449,33728,0.0,OK
3.673469387755102,1.0204081632653061,33728,0.0,OK
3.673469387755102,1.2244897959183674,33728,0.0,OK
3.673469387755102,1.4285714285714286,33728,0.0,OK
3.673469387755102,1.6326530612244898,33728,0.0,OK
3.673469387755102,1.836734693877551,33728,0.0,OK
3.673469387755102,2.0408163265306123,33728,0.0,OK
3.673469387755102,2.2448979591836737,33728,0.0,OK
3.673469387755102,2.4489795918367347,33728,0.0,OK
3.673469387755102,2.6530612244897958,35888,0.0,OK
3.673469387755102,2.857142857142857,33728,0.0,OK
3.673469387755102,3.0612244897959187,33728,0.0,OK
3.673469387755102,3.2653061224489797,33728,0.0,OK
3.673469387755102,3.4693877551020407,33728,0.0,OK
3.673469387755102,3.673469387755102,33728,0.0,OK
3.673469387755102,3.8775510204081636,33728,0.0,OK
3.673469387755102,4.081632653061225,35888,0.0,OK
3.673469387755102,4.285714285714286,33728,0.0,OK
3.673469387755102,4.4897959183673475,33728,0.0,OK
3.673469387755102,4.6938775510204085,33728,0.0,OK
3.673469387755102,4.8979591836734695,33728,0.0,OK
3.673469387755102,5.1020408163265305,33728,0.0,OK
3.673469387755102,5.3061224489795915,35888,0.0,OK
3.673469387755102,5.510204081632653,33728,0.0,OK
3.673469387755102,5.714285714285714,33728,0.0,OK
3.673469387755102,5.918367346938775,35888,0.0,OK
3.673469387755102,6.122448979591837,33728,0.0,OK
3.673469387755102,6.326530612244898,33728,0.0,OK
3.673469387755102,6.530612244897959,33728,0.0,OK
3.673469387755102,6.73469387755102,33728,0.0,OK
3.673469387755102,6.938775510204081,33728,0.0,OK
3.673469387755102,7.142857142857143,33728,0.0,OK
3.673469387755102,7.346938775510204,33728,0.0,OK
3.673469387755102,7.551020408163265,33728,0.0,OK
3.673469387755102,7.755102040816327,33728,0.0,OK
3.673469387755102,7.959183673469388,33728,0.0,OK
3.673469387755102,8.16326530612245,33728,0.0,OK
3.673469387755102,8.36734693877551,33728,0.0,OK
3.673469387755102,8.571428571428571,33728,0.0,OK
3.673469387755102,8.775510204081632,33728,0.0,OK
3.673469387755102,8.979591836734695,33728,0.0,OK
3.673469387755102,9.183673469387756,33728,0.0,OK
3.673469387755102,9.387755102040817,33728,0.0,OK
3.673469387755102,9.591836734693878,33728,0.0,OK
3.673469387755102,9.795918367346939,33728,0.0,OK
3.673469387755102,10.0,33728,0.0,OK
3.8775510204081636,0.0,648,0.0,NOT OK
3.8775510204081636,0.20408163265306123,33728,0.0,OK
3.8775510204081636,0.40816326530612246,33728,0.0,OK
3.8775510204081636,0.6122448979591837,33728,0.0,OK
3.8775510204081636,0.8163265306122449,33728,0.0,OK
3.8775510204081636,1.0204081632653061,33728,0.0,OK
3.8775510204081636,1.2244897959183674,33728,0.0,OK
3.8775510204081636,1.4285714285714286,33728,0.0,OK
3.8775510204081636,1.6326530612244898,33728,0.0,OK
3.8775510204081636,1.836734693877551,33728,0.0,OK
3.8775510204081636,2.0408163265306123,33728,0.0,OK
3.8775510204081636,2.2448979591836737,33728,0.0,OK
3.8775510204081636,2.4489795918367347,33728,0.0,OK
3.8775510204081636,2.6530612244897958,33728,0.0,OK
3.8775510204081636,2.857142857142857,33728,0.0,OK
3.8775510204081636,3.0612244897959187,33728,0.0,OK
3.8775510204081636,3.2653061224489797,33728,0.0,OK
3.8775510204081636,3.4693877551020407,33728,0.0,OK
3.8775510204081636,3.673469387755102,33728,0.0,OK
3.8775510204081636,3.8775510204081636,33728,0.0,OK
3.8775510204081636,4.081632653061225,35888,0.0,OK
3.8775510204081636,4.285714285714286,33728,0.0,OK
3.8775510204081636,4.4897959183673475,33728,0.0,OK
3.8775510204081636,4.6938775510204085,33728,0.0,OK
3.8775510204081636,4.8979591836734695,33728,0.0,OK
3.8775510204081636,5.1020408163265305,33728,0.0,OK
3.8775510204081636,5.3061224489795915,35888,0.0,OK
3.8775510204081636,5.510204081632653,33728,0.0,OK
3.8775510204081636,5.714285714285714,33728,0.0,OK
3.8775510204081636,5.918367346938775,35888,0.0,OK
3.8775510204081636,6.122448979591837,33728,0.0,OK
3.8775510204081636,6.326530612244898,33728,0.0,OK
3.8775510204081636,6.530612244897959,33728,0.0,OK
3.8775510204081636,6.73469387755102,33728,0.0,OK
3.8775510204081636,6.938775510204081,33728,0.0,OK
3.8775510204081636,7.142857142857143,33728,0.0,OK
3.8775510204081636,7.346938775510204,33728,0.0,OK
3.8775510204081636,7.551020408163265,33728,0.0,OK
3.8775510204081636,7.755102040816327,33728,0.0,OK
3.8775510204081636,7.959183673469388,33728,0.0,OK
3.8775510204081636,8.16326530612245,33728,0.0,OK
3.8775510204081636,8.36734693877551,33728,0.0,OK
3.8775510204081636,8.571428571428571,33728,0.0,OK
3.8775510204081636,8.775510204081632,33728,0.0,OK
3.8775510204081636,8.979591836734695,33728,0.0,OK
3.8775510204081636,9.183673469387756,33728,0.0,OK
3.8775510204081636,9.387755102040817,33728,0.0,OK
3.8775510204081636,9.591836734693878,33728,0.0,OK
3.8775510204081636,9.795918367346939,33728,0.0,OK
3.8775510204081636,10.0,33728,0.0,OK
4.081632653061225,0.0,648,0.0,NOT OK
4.081632653061225,0.20408163265306123,33728,0.0,OK
4.081632653061225,0.40816326530612246,33728,0.0,OK
4.081632653061225,0.6122448979591837,33728,0.0,OK
4.081632653061225,0.8163265306122449,33728,0.0,OK
4.081632653061225,1.0204081632653061,33728,0.0,OK
4.081632653061225,1.2244897959183674,33728,0.0,OK
4.081632653061225,1.4285714285714286,33728,0.0,OK
4.081632653061225,1.6326530612244898,33728,0.0,OK
4.081632653061225,1.836734693877551,33728,0.0,OK
4.081632653061225,2.0408163265306123,33728,0.0,OK
4.081632653061225,2.2448979591836737,33728,0.0,OK
4.081632653061225,2.4489795918367347,33728,0.0,OK
4.081632653061225,2.6530612244897958,35888,0.0,OK
4.081632653061225,2.857142857142857,33728,0.0,OK
4.081632653061225,3.0612244897959187,33728,0.0,OK
4.081632653061225,3.2653061224489797,33728,0.0,OK
4.081632653061225,3.4693877551020407,33728,0.0,OK
4.081632653061225,3.673469387755102,33728,0.0,OK
4.081632653061225,3.8775510204081636,33728,0.0,OK
4.081632653061225,4.081632653061225,35888,0.0,OK
4.081632653061225,4.285714285714286,33728,0.0,OK
4.081632653061225,4.4897959183673475,33728,0.0,OK
4.081632653061225,4.6938775510204085,33728,0.0,OK
4.081632653061225,4.8979591836734695,33728,0.0,OK
4.081632653061225,5.1020408163265305,33728,0.0,OK
4.081632653061225,5.3061224489795915,35888,0.0,OK
4.081632653061225,5.510204081632653,33728,0.0,OK
4.081632653061225,5.714285714285714,33728,0.0,OK
4.081632653061225,5.918367346938775,35888,0.0,OK
4.081632653061225,6.122448979591837,33728,0.0,OK
4.081632653061225,6.326530612244898,33728,0.0,OK
4.081632653061225,6.530612244897959,33728,0.0,OK
4.081632653061225,6.73469387755102,33728,0.0,OK
4.081632653061225,6.938775510204081,33728,0.0,OK
4.081632653061225,7.142857142857143,33728,0.0,OK
4.081632653061225,7.346938775510204,33728,0.0,OK
4.081632653061225,7.551020408163265,33728,0.0,OK
4.081632653061225,7.755102040816327,33728,0.0,OK
4.081632653061225,7.959183673469388,33728,0.0,OK
4.081632653061225,8.16326530612245,33728,0.0,OK
4.081632653061225,8.36734693877551,33728,0.0,OK
4.081632653061225,8.571428571428571,33728,0.0,OK
4.081632653061225,8.775510204081632,33728,0.0,OK
4.081632653061225,8.979591836734695,33728,0.0,OK
4.081632653061225,9.183673469387756,33728,0.0,OK
4.081632653061225,9.387755102040817,33728,0.0,OK
4.081632653061225,9.591836734693878,33728,0.0,OK
4.081632653061225,9.795918367346939,33728,0.0,OK
4.081632653061225,10.0,33728,0.0,OK
4.285714285714286,0.0,648,0.0,NOT OK
4.285714285714286,0.20408163265306123,33728,0.0,OK
4.285714285714286,0.40816326530612246,33728,0.0,OK
4.285714285714286,0.6122448979591837,33728,0.0,OK
4.285714285714286,0.8163265306122449,33728,0.0,OK
4.285714285714286,1.0204081632653061,33728,0.0,OK
4.285714285714286,1.2244897959183674,33728,0.0,OK
4.285714285714286,1.4285714285714286,33728,0.0,OK
4.285714285714286,1.6326530612244898,33728,0.0,OK
4.285714285714286,1.836734693877551,35888,0.0,OK
4.285714285714286,2.0408163265306123,33728,0.0,OK
4.285714285714286,2.2448979591836737,33728,0.0,OK
4.285714285714286,2.4489795918367347,33728,0.0,OK
4.285714285714286,2.6530612244897958,35888,0.0,OK
4.285714285714286,2.857142857142857,33728,0.0,OK
4.285714285714286,3.0612244897959187,33728,0.0,OK
4.285714285714286,3.2653061224489797,33728,0.0,OK
4.285714285714286,3.4693877551020407,33728,0.0,OK
4.285714285714286,3.673469387755102,33728,0.0,OK
4.285714285714286,3.8775510204081636,33728,0.0,OK
4.285714285714286,4.081632653061225,35888,0.0,OK
4.285714285714286,4.285714285714286,33728,0.0,OK
4.285714285714286,4.4897959183673475,33728,0.0,OK
4.285714285714286,4.6938775510204085,33728,0.0,OK
4.285714285714286,4.8979591836734695,33728,0.0,OK
4.285714285714286,5.1020408163265305,33728,0.0,OK
4.285714285714286,5.3061224489795915,35888,0.0,OK
4.285714285714286,5.510204081632653,33728,0.0,OK
4.285714285714286,5.714285714285714,33728,0.0,OK
4.285714285714286,5.918367346938775,35888,0.0,OK
4.285714285714286,6.122448979591837,33728,0.0,OK
4.285714285714286,6.326530612244898,33728,0.0,OK
4.285714285714286,6.530612244897959,33728,0.0,OK
4.285714285714286,6.73469387755102,33728,0.0,OK
4.285714285714286,6.938775510204081,33728,0.0,OK
4.285714285714286,7.142857142857143,33728,0.0,OK
4.285714285714286,7.346938775510204,33728,0.0,OK
4.285714285714286,7.551020408163265,33728,0.0,OK
4.285714285714286,7.755102040816327,33728,0.0,OK
4.285714285714286,7.959183673469388,33728,0.0,OK
4.285714285714286,8.16326530612245,33728,0.0,OK
4.285714285714286,8.36734693877551,33728,0.0,OK
4.285714285714286,8.571428571428571,33728,0.0,OK
4.285714285714286,8.775510204081632,33728,0.0,OK
4.285714285714286,8.979591836734695,33728,0.0,OK
4.285714285714286,9.183673469387756,33728,0.0,OK
4.285714285714286,9.387755102040817,33728,0.0,OK
4.285714285714286,9.591836734693878,33728,0.0,OK
4.285714285714286,9.795918367346939,33728,0.0,OK
4.285714285714286,10.0,33728,0.0,OK
4.4897959183673475,0.0,648,0.0,NOT OK
4.4897959183673475,0.20408163265306123,33728,0.0,OK
4.4897959183673475,0.40816326530612246,33728,0.0,OK
4.4897959183673475,0.6122448979591837,33728,0.0,OK
4.4897959183673475,0.8163265306122449,33728,0.0,OK
4.4897959183673475,1.0204081632653061,33728,0.0,OK
4.4897959183673475,1.2244897959183674,33728,0.0,OK
4.4897959183673475,1.4285714285714286,33728,0.0,OK
4.4897959183673475,1.6326530612244898,33728,0.0,OK
4.4897959183673475,1.836734693877551,33728,0.0,OK
4.4897959183673475,2.0408163265306123,33728,0.0,OK
4.4897959183673475,2.2448979591836737,33728,0.0,OK
4.4897959183673475,2.4489795918367347,33728,0.0,OK
4.4897959183673475,2.6530612244897958,33728,0.0,OK
4.4897959183673475,2.857142857142857,33728,0.0,OK
4.4897959183673475,3.0612244897959187,33728,0.0,OK
4.4897959183673475,3.2653061224489797,33728,0.0,OK
4.4897959183673475,3.4693877551020407,33728,0.0,OK
4.4897959183673475,3.673469387755102,33728,0.0,OK
4.4897959183673475,3.8775510204081636,33728,0.0,OK
4.4897959183673475,4.081632653061225,35888,0.0,OK
4.4897959183673475,4.285714285714286,33728,0.0,OK
4.4897959183673475,4.4897959183673475,33728,0.0,OK
4.4897959183673475,4.6938775510204085,33728,0.0,OK
4.4897959183673475,4.8979591836734695,33728,0.0,OK
4.4897959183673475,5.1020408163265305,33728,0.0,OK
4.4897959183673475,5.3061224489795915,35888,0.0,OK
4.4897959183673475,5.510204081632653,33728,0.0,OK
4.4897959183673475,5.714285714285714,33728,0.0,OK
4.4897959183673475,5.918367346938775,33728,0.0,OK
4.4897959183673475,6.122448979591837,33728,0.0,OK
4.4897959183673475,6.326530612244898,33728,0.0,OK
4.4897959183673475,6.530612244897959,33728,0.0,OK
4.4897959183673475,6.73469387755102,33728,0.0,OK
4.4897959183673475,6.938775510204081,33728,0.0,OK
4.4897959183673475,7.142857142857143,33728,0.0,OK
4.4897959183673475,7.346938775510204,33728,0.0,OK
4.4897959183673475,7.551020408163265,33728,0.0,OK
4.4897959183673475,7.755102040816327,33728,0.0,OK
4.4897959183673475,7.959183673469388,33728,0.0,OK
4.4897959183673475,8.16326530612245,33728,0.0,OK
4.4897959183673475,8.36734693877551,33728,0.0,OK
4.4897959183673475,8.571428571428571,33728,0.0,OK
4.4897959183673475,8.775510204081632,33728,0.0,OK
4.4897959183673475,8.979591836734695,33728,0.0,OK
4.4897959183673475,9.183673469387756,33728,0.0,OK
4.4897959183673475,9.387755102040817,33728,0.0,OK
4.4897959183673475,9.591836734693878,33728,0.0,OK
4.4897959183673475,9.795918367346939,33728,0.0,OK
4.4897959183673475,10.0,33728,0.0,OK
4.6938775510204085,0.0,648,0.0,NOT OK
4.6938775510204085,0.20408163265306123,33728,0.0,OK
4.6938775510204085,0.40816326530612246,33728,0.0,OK
4.6938775510204085,0.6122448979591837,33728,0.0,OK
4.6938775510204085,0.8163265306122449,33728,0.0,OK
4.6938775510204085,1.0204081632653061,33728,0.0,OK
4.6938775510204085,1.2244897959183674,33728,0.0,OK
4.6938775510204085,1.4285714285714286,33728,0.0,OK
4.6938775510204085,1.6326530612244898,33728,0.0,OK
4.6938775510204085,1.836734693877551,33728,0.0,OK
4.6938775510204085,2.0408163265306123,33728,0.0,OK
4.6938775510204085,2.2448979591836737,33728,0.0,OK
4.6938775510204085,2.4489795918367347,33728,0.0,OK
4.6938775510204085,2.6530612244897958,33728,0.0,OK
4.6938775510204085,2.857142857142857,33728,0.0,OK
4.6938775510204085,3.0612244897959187,33728,0.0,OK
4.6938775510204085,3.2653061224489797,33728,0.0,OK
4.6938775510204085,3.4693877551020407,33728,0.0,OK
4.6938775510204085,3.673469387755102,33728,0.0,OK
4.6938775510204085,3.8775510204081636,33728,0.0,OK
4.6938775510204085,4.081632653061225,35888,0.0,OK
4.6938775510204085,4.285714285714286,33728,0.0,OK
4.6938775510204085,4.4897959183673475,33728,0.0,OK
4.6938775510204085,4.6938775510204085,33728,0.0,OK
4.6938775510204085,4.8979591836734695,33728,0.0,OK
4.6938775510204085,5.1020408163265305,33728,0.0,OK
4.6938775510204085,5.3061224489795915,35888,0.0,OK
4.6938775510204085,5.510204081632653,33728,0.0,OK
4.6938775510204085,5.714285714285714,33728,0.0,OK
4.6938775510204085,5.918367346938775,33728,0.0,OK
4.6938775510204085,6.122448979591837,33728,0.0,OK
4.6938775510204085,6.326530612244898,33728,0.0,OK
4.6938775510204085,6.530612244897959,33728,0.0,OK
4.6938775510204085,6.73469387755102,33728,0.0,OK
4.6938775510204085,6.938775510204081,33728,0.0,OK
4.6938775510204085,7.142857142857143,33728,0.0,OK
4.6938775510204085,7.346938775510204,33728,0.0,OK
4.6938775510204085,7.551020408163265,33728,0.0,OK
4.6938775510204085,7.755102040816327,33728,0.0,OK
4.6938775510204085,7.959183673469388,33728,0.0,OK
4.6938775510204085,8.16326530612245,33728,0.0,OK
4.6938775510204085,8.36734693877551,33728,0.0,OK
4.6938775510204085,8.571428571428571,33728,0.0,OK
4.6938775510204085,8.775510204081632,33728,0.0,OK
4.6938775510204085,8.979591836734695,33728,0.0,OK
4.6938775510204085,9.183673469387756,33728,0.0,OK
4.6938775510204085,9.387755102040817,33728,0.0,OK
4.6938775510204085,9.591836734693878,33728,0.0,OK
4.6938775510204085,9.795918367346939,33728,0.0,OK
4.6938775510204085,10.0,33728,0.0,OK
4.8979591836734695,0.0,648,0.0,NOT OK
4.8979591836734695,0.20408163265306123,33728,0.0,OK
4.8979591836734695,0.40816326530612246,33728,0.0,OK
4.8979591836734695,0.6122448979591837,33728,0.0,OK
4.8979591836734695,0.8163265306122449,33728,0.0,OK
4.8979591836734695,1.0204081632653061,33728,0.0,OK
4.8979591836734695,1.2244897959183674,33728,0.0,OK
4.8979591836734695,1.4285714285714286,33728,0.0,OK
4.8979591836734695,1.6326530612244898,33728,0.0,OK
4.8979591836734695,1.836734693877551,33728,0.0,OK
4.8979591836734695,2.0408163265306123,33728,0.0,OK
4.8979591836734695,2.2448979591836737,33728,0.0,OK
4.8979591836734695,2.4489795918367347,33728,0.0,OK
4.8979591836734695,2.6530612244897958,33728,0.0,OK
4.8979591836734695,2.857142857142857,33728,0.0,OK
4.8979591836734695,3.0612244897959187,33728,0.0,OK
4.8979591836734695,3.2653061224489797,33728,0.0,OK
4.8979591836734695,3.4693877551020407,33728,0.0,OK
4.8979591836734695,3.673469387755102,33728,0.0,OK
4.8979591836734695,3.8775510204081636,33728,0.0,OK
4.8979591836734695,4.081632653061225,35888,0.0,OK
4.8979591836734695,4.285714285714286,33728,0.0,OK
4.8979591836734695,4.4897959183673475,33728,0.0,OK
4.8979591836734695,4.6938775510204085,33728,0.0,OK
4.8979591836734695,4.8979591836734695,33728,0.0,OK
4.8979591836734695,5.1020408163265305,33728,0.0,OK
4.8979591836734695,5.3061224489795915,35888,0.0,OK
4.8979591836734695,5.510204081632653,33728,0.0,OK
4.8979591836734695,5.714285714285714,33728,0.0,OK
4.8979591836734695,5.918367346938775,33728,0.0,OK
4.8979591836734695,6.122448979591837,33728,0.0,OK
4.8979591836734695,6.326530612244898,33728,0.0,OK
4.8979591836734695,6.530612244897959,33728,0.0,OK
4.8979591836734695,6.73469387755102,33728,0.0,OK
4.8979591836734695,6.938775510204081,33728,0.0,OK
4.8979591836734695,7.142857142857143,33728,0.0,OK
4.8979591836734695,7.346938775510204,33728,0.0,OK
4.8979591836734695,7.551020408163265,33728,0.0,OK
4.8979591836734695,7.755102040816327,33728,0.0,OK
4.8979591836734695,7.959183673469388,33728,0.0,OK
4.8979591836734695,8.16326530612245,33728,0.0,OK
4.8979591836734695,8.36734693877551,33728,0.0,OK
4.8979591836734695,8.571428571428571,33728,0.0,OK
4.8979591836734695,8.775510204081632,33728,0.0,OK
4.8979591836734695,8.979591836734695,33728,0.0,OK
4.8979591836734695,9.183673469387756,33728,0.0,OK
4.8979591836734695,9.387755102040817,33728,0.0,OK
4.8979591836734695,9.591836734693878,33728,0.0,OK
4.8979591836734695,9.795918367346939,33728,0.0,OK
4.8979591836734695,10.0,33728,0.0,OK
5.1020408163265305,0.0,648,0.0,NOT OK
5.1020408163265305,0.20408163265306123,33728,0.0,OK
5.1020408163265305,0.40816326530612246,33728,0.0,OK
5.1020408163265305,0.6122448979591837,33728,0.0,OK
5.1020408163265305,0.8163265306122449,33728,0.0,OK
5.1020408163265305,1.0204081632653061,33728,0.0,OK
5.1020408163265305,1.2244897959183674,33728,0.0,OK
5.1020408163265305,1.4285714285714286,33728,0.0,OK
5.1020408163265305,1.6326530612244898,33728,0.0,OK
5.1020408163265305,1.836734693877551,33728,0.0,OK
5.1020408163265305,2.0408163265306123,33728,0.0,OK
5.1020408163265305,2.2448979591836737,33728,0.0,OK
5.1020408163265305,2.4489795918367347,33728,0.0,OK
5.1020408163265305,2.6530612244897958,33728,0.0,OK
5.1020408163265305,2.857142857142857,33728,0.0,OK
5.1020408163265305,3.0612244897959187,33728,0.0,OK
5.1020408163265305,3.2653061224489797,33728,0.0,OK
5.1020408163265305,3.4693877551020407,33728,0.0,OK
5.1020408163265305,3.673469387755102,33728,0.0,OK
5.1020408163265305,3.8775510204081636,33728,0.0,OK
5.1020408163265305,4.081632653061225,35888,0.0,OK
5.1020408163265305,4.285714285714286,33728,0.0,OK
5.1020408163265305,4.4897959183673475,33728,0.0,OK
5.1020408163265305,4.6938775510204085,33728,0.0,OK
5.1020408163265305,4.8979591836734695,33728,0.0,OK
5.1020408163265305,5.1020408163265305,33728,0.0,OK
5.1020408163265305,5.3061224489795915,35888,0.0,OK
5.1020408163265305,5.510204081632653,33728,0.0,OK
5.1020408163265305,5.714285714285714,33728,0.0,OK
5.1020408163265305,5.918367346938775,33728,0.0,OK
5.1020408163265305,6.122448979591837,33728,0.0,OK
5.1020408163265305,6.326530612244898,33728,0.0,OK
5.1020408163265305,6.530612244897959,33728,0.0,OK
5.1020408163265305,6.73469387755102,33728,0.0,OK
5.1020408163265305,6.938775510204081,33728,0.0,OK
5.1020408163265305,7.142857142857143,33728,0.0,OK
5.1020408163265305,7.346938775510204,33728,0.0,OK
5.1020408163265305,7.551020408163265,33728,0.0,OK
5.1020408163265305,7.755102040816327,33728,0.0,OK
5.1020408163265305,7.959183673469388,33728,0.0,OK
5.1020408163265305,8.16326530612245,33728,0.0,OK
5.1020408163265305,8.36734693877551,33728,0.0,OK
5.1020408163265305,8.571428571428571,33728,0.0,OK
5.1020408163265305,8.775510204081632,33728,0.0,OK
5.1020408163265305,8.979591836734695,33728,0.0,OK
5.1020408163265305,9.183673469387756,33728,0.0,OK
5.1020408163265305,9.387755102040817,33728,0.0,OK
5.1020408163265305,9.591836734693878,33728,0.0,OK
5.1020408163265305,9.795918367346939,33728,0.0,OK
5.1020408163265305,10.0,33728,0.0,OK
5.3061224489795915,0.0,2178,0.0,NOT OK
5.3061224489795915,0.20408163265306123,33728,0.0,OK
5.3061224489795915,0.40816326530612246,33728,0.0,OK
5.3061224489795915,0.6122448979591837,33728,0.0,OK
5.3061224489795915,0.8163265306122449,33728,0.0,OK
5.3061224489795915,1.0204081632653061,33728,0.0,OK
5.3061224489795915,1.2244897959183674,33728,0.0,OK
5.3061224489795915,1.4285714285714286,33728,0.0,OK
5.3061224489795915,1.6326530612244898,33728,0.0,OK
5.3061224489795915,1.836734693877551,33728,0.0,OK
5.3061224489795915,2.0408163265306123,33728,0.0,OK
5.3061224489795915,2.2448979591836737,33728,0.0,OK
5.3061224489795915,2.4489795918367347,33728,0.0,OK
5.3061224489795915,2.6530612244897958,35888,0.0,OK
5.3061224489795915,2.857142857142857,33728,0.0,OK
5.3061224489795915,3.0612244897959187,33728,0.0,OK
5.3061224489795915,3.2653061224489797,33728,0.0,OK
5.3061224489795915,3.4693877551020407,33728,0.0,OK
5.3061224489795915,3.673469387755102,33728,0.0,OK
5.3061224489795915,3.8775510204081636,33728,0.0,OK
5.3061224489795915,4.081632653061225,35888,0.0,OK
5.3061224489795915,4.285714285714286,33728,0.0,OK
5.3061224489795915,4.4897959183673475,33728,0.0,OK
5.3061224489795915,4.6938775510204085,33728,0.0,OK
5.3061224489795915,4.8979591836734695,33728,0.0,OK
5.3061224489795915,5.1020408163265305,33728,0.0,OK
5.3061224489795915,5.3061224489795915,35888,0.0,OK
5.3061224489795915,5.510204081632653,33728,0.0,OK
5.3061224489795915,5.714285714285714,33728,0.0,OK
5.3061224489795915,5.918367346938775,33728,0.0,OK
5.3061224489795915,6.122448979591837,33728,0.0,OK
5.3061224489795915,6.326530612244898,33728,0.0,OK
5.3061224489795915,6.530612244897959,33728,0.0,OK
5.3061224489795915,6.73469387755102,33728,0.0,OK
5.3061224489795915,6.938775510204081,33728,0.0,OK
5.3061224489795915,7.142857142857143,33728,0.0,OK
5.3061224489795915,7.346938775510204,33728,0.0,OK
5.3061224489795915,7.551020408163265,33728,0.0,OK
5.3061224489795915,7.755102040816327,33728,0.0,OK
5.3061224489795915,7.959183673469388,33728,0.0,OK
5.3061224489795915,8.16326530612245,33728,0.0,OK
5.3061224489795915,8.36734693877551,33728,0.0,OK
5.3061224489795915,8.571428571428571,33728,0.0,OK
5.3061224489795915,8.775510204081632,33728,0.0,OK
5.3061224489795915,8.979591836734695,33728,0.0,OK
5.3061224489795915,9.183673469387756,33728,0.0,OK
5.3061224489795915,9.387755102040817,33728,0.0,OK
5.3061224489795915,9.591836734693878,33728,0.0,OK
5.3061224489795915,9.795918367346939,33728,0.0,OK
5.3061224489795915,10.0,33728,0.0,OK
5.510204081632653,0.0,648,0.0,NOT OK
5.510204081632653,0.20408163265306123,33728,0.0,OK
5.510204081632653,0.40816326530612246,33728,0.0,OK
5.510204081632653,0.6122448979591837,33728,0.0,OK
5.510204081632653,0.8163265306122449,33728,0.0,OK
5.510204081632653,1.0204081632653061,33728,0.0,OK
5.510204081632653,1.2244897959183674,33728,0.0,OK
5.510204081632653,1.4285714285714286,33728,0.0,OK
5.510204081632653,1.6326530612244898,33728,0.0,OK
5.510204081632653,1.836734693877551,33728,0.0,OK
5.510204081632653,2.0408163265306123,33728,0.0,OK
5.510204081632653,2.2448979591836737,33728,0.0,OK
5.510204081632653,2.4489795918367347,33728,0.0,OK
5.510204081632653,2.6530612244897958,35888,0.0,OK
5.510204081632653,2.857142857142857,33728,0.0,OK
5.510204081632653,3.0612244897959187,33728,0.0,OK
5.510204081632653,3.2653061224489797,33728,0.0,OK
5.510204081632653,3.4693877551020407,33728,0.0,OK
5.510204081632653,3.673469387755102,33728,0.0,OK
5.510204081632653,3.8775510204081636,33728,0.0,OK
5.510204081632653,4.081632653061225,35888,0.0,OK
5.510204081632653,4.285714285714286,33728,0.0,OK
5.510204081632653,4.4897959183673475,33728,0.0,OK
5.510204081632653,4.6938775510204085,33728,0.0,OK
5.510204081632653,4.8979591836734695,33728,0.0,OK
5.510204081632653,5.1020408163265305,33728,0.0,OK
5.510204081632653,5.3061224489795915,35888,0.0,OK
5.510204081632653,5.510204081632653,33728,0.0,OK
5.510204081632653,5.714285714285714,33728,0.0,OK
5.510204081632653,5.918367346938775,35888,0.0,OK
5.510204081632653,6.122448979591837,33728,0.0,OK
5.510204081632653,6.326530612244898,33728,0.0,OK
5.510204081632653,6.530612244897959,33728,0.0,OK
5.510204081632653,6.73469387755102,33728,0.0,OK
5.510204081632653,6.938775510204081,33728,0.0,OK
5.510204081632653,7.142857142857143,33728,0.0,OK
5.510204081632653,7.346938775510204,33728,0.0,OK
5.510204081632653,7.551020408163265,33728,0.0,OK
5.510204081632653,7.755102040816327,33728,0.0,OK
5.510204081632653,7.959183673469388,33728,0.0,OK
5.510204081632653,8.16326530612245,33728,0.0,OK
5.510204081632653,8.36734693877551,33728,0.0,OK
5.510204081632653,8.571428571428571,33728,0.0,OK
5.510204081632653,8.775510204081632,33728,0.0,OK
5.510204081632653,8.979591836734695,33728,0.0,OK
5.510204081632653,9.183673469387756,33728,0.0,OK
5.510204081632653,9.387755102040817,33728,0.0,OK
5.510204081632653,9.591836734693878,33728,0.0,OK
5.510204081632653,9.795918367346939,33728,0.0,OK
5.510204081632653,10.0,33728,0.0,OK
5.714285714285714,0.0,648,0.0,NOT OK
5.714285714285714,0.20408163265306123,33728,0.0,OK
5.714285714285714,0.40816326530612246,33728,0.0,OK
5.714285714285714,0.6122448979591837,33728,0.0,OK
5.714285714285714,0.8163265306122449,33728,0.0,OK
5.714285714285714,1.0204081632653061,33728,0.0,OK
5.714285714285714,1.2244897959183674,33728,0.0,OK
5.714285714285714,1.4285714285714286,33728,0.0,OK
5.714285714285714,1.6326530612244898,33728,0.0,OK
5.714285714285714,1.836734693877551,33728,0.0,OK
5.714285714285714,2.0408163265306123,33728,0.0,OK
5.714285714285714,2.2448979591836737,33728,0.0,OK
5.714285714285714,2.4489795918367347,33728,0.0,OK
5.714285714285714,2.6530612244897958,35888,0.0,OK
5.714285714285714,2.857142857142857,33728,0.0,OK
5.714285714285714,3.0612244897959187,33728,0.0,OK
5.714285714285714,3.2653061224489797,33728,0.0,OK
5.714285714285714,3.4693877551020407,33728,0.0,OK
5.714285714285714,3.673469387755102,33728,0.0,OK
5.714285714285714,3.8775510204081636,33728,0.0,OK
5.714285714285714,4.081632653061225,35888,0.0,OK
5.714285714285714,4.285714285714286,33728,0.0,OK
5.714285714285714,4.4897959183673475,33728,0.0,OK
5.714285714285714,4.6938775510204085,33728,0.0,OK
5.714285714285714,4.8979591836734695,33728,0.0,OK
5.714285714285714,5.1020408163265305,33728,0.0,OK
5.714285714285714,5.3061224489795915,35888,0.0,OK
5.714285714285714,5.510204081632653,33728,0.0,OK
5.714285714285714,5.714285714285714,33728,0.0,OK
5.714285714285714,5.918367346938775,35888,0.0,OK
5.714285714285714,6.122448979591837,33728,0.0,OK
5.714285714285714,6.326530612244898,33728,0.0,OK
5.714285714285714,6.530612244897959,33728,0.0,OK
5.714285714285714,6.73469387755102,33728,0.0,OK
5.714285714285714,6.938775510204081,33728,0.0,OK
5.714285714285714,7.142857142857143,33728,0.0,OK
5.714285714285714,7.346938775510204,33728,0.0,OK
5.714285714285714,7.551020408163265,33728,0.0,OK
5.714285714285714,7.755102040816327,33728,0.0,OK
5.714285714285714,7.959183673469388,33728,0.0,OK
5.714285714285714,8.16326530612245,33728,0.0,OK
5.714285714285714,8.36734693877551,33728,0.0,OK
5.714285714285714,8.571428571428571,33728,0.0,OK
5.714285714285714,8.775510204081632,33728,0.0,OK
5.714285714285714,8.979591836734695,33728,0.0,OK
5.714285714285714,9.183673469387756,33728,0.0,OK
5.714285714285714,9.387755102040817,33728,0.0,OK
5.714285714285714,9.591836734693878,33728,0.0,OK
5.714285714285714,9.795918367346939,33728,0.0,OK
5.714285714285714,10.0,33728,0.0,OK
5.918367346938775,0.0,648,0.0,NOT OK
5.918367346938775,0.20408163265306123,33728,0.0,OK
5.918367346938775,0.40816326530612246,33728,0.0,OK
5.918367346938775,0.6122448979591837,33728,0.0,OK
5.918367346938775,0.8163265306122449,33728,0.0,OK
5.918367346938775,1.0204081632653061,33728,0.0,OK
5.918367346938775,1.2244897959183674,33728,0.0,OK
5.918367346938775,1.4285714285714286,33728,0.0,OK
5.918367346938775,1.6326530612244898,33728,0.0,OK
5.918367346938775,1.836734693877551,33728,0.0,OK
5.918367346938775,2.0408163265306123,33728,0.0,OK
5.918367346938775,2.2448979591836737,33728,0.0,OK
5.918367346938775,2.4489795918367347,33728,0.0,OK
5.918367346938775,2.6530612244897958,33728,0.0,OK
5.918367346938775,2.857142857142857,33728,0.0,OK
5.918367346938775,3.0612244897959187,33728,0.0,OK
5.918367346938775,3.2653061224489797,33728,0.0,OK
5.918367346938775,3.4693877551020407,33728,0.0,OK
5.918367346938775,3.673469387755102,33728,0.0,OK
5.918367346938775,3.8775510204081636,33728,0.0,OK
5.918367346938775,4.081632653061225,35888,0.0,OK
5.918367346938775,4.285714285714286,33728,0.0,OK
5.918367346938775,4.4897959183673475,33728,0.0,OK
5.918367346938775,4.6938775510204085,33728,0.0,OK
5.918367346938775,4.8979591836734695,33728,0.0,OK
5.918367346938775,5.1020408163265305,33728,0.0,OK
5.918367346938775,5.3061224489795915,35888,0.0,OK
5.918367346938775,5.510204081632653,33728,0.0,OK
5.918367346938775,5.714285714285714,33728,0.0,OK
5.918367346938775,5.918367346938775,35888,0.0,OK
5.918367346938775,6.122448979591837,33728,0.0,OK
5.918367346938775,6.326530612244898,33728,0.0,OK
5.918367346938775,6.530612244897959,33728,0.0,OK
5.918367346938775,6.73469387755102,33728,0.0,OK
5.918367346938775,6.938775510204081,33728,0.0,OK
5.918367346938775,7.142857142857143,33728,0.0,OK
5.918367346938775,7.346938775510204,33728,0.0,OK
5.918367346938775,7.551020408163265,33728,0.0,OK
5.918367346938775,7.755102040816327,33728,0.0,OK
5.918367346938775,7.959183673469388,33728,0.0,OK
5.918367346938775,8.16326530612245,33728,0.0,OK
5.918367346938775,8.36734693877551,33728,0.0,OK
5.918367346938775,8.571428571428571,33728,0.0,OK
5.918367346938775,8.775510204081632,33728,0.0,OK
5.918367346938775,8.979591836734695,33728,0.0,OK
5.918367346938775,9.183673469387756,33728,0.0,OK
5.918367346938775,9.387755102040817,33728,0.0,OK
5.918367346938775,9.591836734693878,33728,0.0,OK
5.918367346938775,9.795918367346939,33728,0.0,OK
5.918367346938775,10.0,33728,0.0,OK
6.122448979591837,0.0,648,0.0,NOT OK
6.122448979591837,0.20408163265306123,33728,0.0,OK
6.122448979591837,0.40816326530612246,33728,0.0,OK
6.122448979591837,0.6122448979591837,33728,0.0,OK
6.122448979591837,0.8163265306122449,33728,0.0,OK
6.122448979591837,1.0204081632653061,33728,0.0,OK
6.122448979591837,1.2244897959183674,33728,0.0,OK
6.122448979591837,1.4285714285714286,33728,0.0,OK
6.122448979591837,1.6326530612244898,33728,0.0,OK
6.122448979591837,1.836734693877551,33728,0.0,OK
6.122448979591837,2.0408163265306123,33728,0.0,OK
6.122448979591837,2.2448979591836737,33728,0.0,OK
6.122448979591837,2.4489795918367347,33728,0.0,OK
6.122448979591837,2.6530612244897958,33728,0.0,OK
6.122448979591837,2.857142857142857,33728,0.0,OK
6.122448979591837,3.0612244897959187,33728,0.0,OK
6.122448979591837,3.2653061224489797,33728,0.0,OK
6.122448979591837,3.4693877551020407,33728,0.0,OK
6.122448979591837,3.673469387755102,33728,0.0,OK
6.122448979591837,3.8775510204081636,33728,0.0,OK
6.122448979591837,4.081632653061225,35888,0.0,OK
6.122448979591837,4.285714285714286,33728,0.0,OK
6.122448979591837,4.4897959183673475,33728,0.0,OK
6.122448979591837,4.6938775510204085,33728,0.0,OK
6.122448979591837,4.8979591836734695,33728,0.0,OK
6.122448979591837,5.1020408163265305,33728,0.0,OK
6.122448979591837,5.3061224489795915,33728,0.0,OK
6.122448979591837,5.510204081632653,33728,0.0,OK
6.122448979591837,5.714285714285714,33728,0.0,OK
6.122448979591837,5.918367346938775,35888,0.0,OK
6.122448979591837,6.122448979591837,33728,0.0,OK
6.122448979591837,6.326530612244898,33728,0.0,OK
6.122448979591837,6.530612244897959,33728,0.0,OK
6.122448979591837,6.73469387755102,33728,0.0,OK
6.122448979591837,6.938775510204081,33728,0.0,OK
6.122448979591837,7.142857142857143,33728,0.0,OK
6.122448979591837,7.346938775510204,33728,0.0,OK
6.122448979591837,7.551020408163265,33728,0.0,OK
6.122448979591837,7.755102040816327,33728,0.0,OK
6.122448979591837,7.959183673469388,33728,0.0,OK
6.122448979591837,8.16326530612245,33728,0.0,OK
6.122448979591837,8.36734693877551,33728,0.0,OK
6.122448979591837,8.571428571428571,33728,0.0,OK
6.122448979591837,8.775510204081632,33728,0.0,OK
6.122448979591837,8.979591836734695,33728,0.0,OK
6.122448979591837,9.183673469387756,33728,0.0,OK
6.122448979591837,9.387755102040817,33728,0.0,OK
6.122448979591837,9.591836734693878,33728,0.0,OK
6.122448979591837,9.795918367346939,33728,0.0,OK
6.122448979591837,10.0,33728,0.0,OK
6.326530612244898,0.0,648,0.0,NOT OK
6.326530612244898,0.20408163265306123,33728,0.0,OK
6.326530612244898,0.40816326530612246,33728,0.0,OK
6.326530612244898,0.6122448979591837,33728,0.0,OK
6.326530612244898,0.8163265306122449,33728,0.0,OK
6.326530612244898,1.0204081632653061,33728,0.0,OK
6.326530612244898,1.2244897959183674,33728,0.0,OK
6.326530612244898,1.4285714285714286,33728,0.0,OK
6.326530612244898,1.6326530612244898,33728,0.0,OK
6.326530612244898,1.836734693877551,33728,0.0,OK
6.326530612244898,2.0408163265306123,33728,0.0,OK
6.326530612244898,2.2448979591836737,33728,0.0,OK
6.326530612244898,2.4489795918367347,33728,0.0,OK
6.326530612244898,2.6530612244897958,35888,0.0,OK
6.326530612244898,2.857142857142857,33728,0.0,OK
6.326530612244898,3.0612244897959187,33728,0.0,OK
6.326530612244898,3.2653061224489797,33728,0.0,OK
6.326530612244898,3.4693877551020407,33728,0.0,OK
6.326530612244898,3.673469387755102,33728,0.0,OK
6.326530612244898,3.8775510204081636,33728,0.0,OK
6.326530612244898,4.081632653061225,35888,0.0,OK
6.326530612244898,4.285714285714286,33728,0.0,OK
6.326530612244898,4.4897959183673475,33728,0.0,OK
6.326530612244898,4.6938775510204085,33728,0.0,OK
6.326530612244898,4.8979591836734695,33728,0.0,OK
6.326530612244898,5.1020408163265305,33728,0.0,OK
6.326530612244898,5.3061224489795915,33728,0.0,OK
6.326530612244898,5.510204081632653,33728,0.0,OK
6.326530612244898,5.714285714285714,33728,0.0,OK
6.326530612244898,5.918367346938775,35888,0.0,OK
6.326530612244898,6.122448979591837,33728,0.0,OK
6.326530612244898,6.326530612244898,33728,0.0,OK
6.326530612244898,6.530612244897959,33728,0.0,OK
6.326530612244898,6.73469387755102,33728,0.0,OK
6.326530612244898,6.938775510204081,33728,0.0,OK
6.326530612244898,7.142857142857143,33728,0.0,OK
6.326530612244898,7.346938775510204,33728,0.0,OK
6.326530612244898,7.551020408163265,33728,0.0,OK
6.326530612244898,7.755102040816327,33728,0.0,OK
6.326530612244898,7.959183673469388,33728,0.0,OK
6.326530612244898,8.16326530612245,33728,0.0,OK
6.326530612244898,8.36734693877551,33728,0.0,OK
6.326530612244898,8.571428571428571,33728,0.0,OK
6.326530612244898,8.775510204081632,33728,0.0,OK
6.326530612244898,8.979591836734695,33728,0.0,OK
6.326530612244898,9.183673469387756,33728,0.0,OK
6.326530612244898,9.387755102040817,33728,0.0,OK
6.326530612244898,9.591836734693878,33728,0.0,OK
6.326530612244898,9.795918367346939,33728,0.0,OK
6.326530612244898,10.0,33728,0.0,OK
6.530612244897959,0.0,2178,0.0,NOT OK
6.530612244897959,0.20408163265306123,33728,0.0,OK
6.530612244897959,0.40816326530612246,33728,0.0,OK
6.530612244897959,0.6122448979591837,33728,0.0,OK
6.530612244897959,0.8163265306122449,33728,0.0,OK
6.530612244897959,1.0204081632653061,33728,0.0,OK
6.530612244897959,1.2244897959183674,33728,0.0,OK
6.530612244897959,1.4285714285714286,33728,0.0,OK
6.530612244897959,1.6326530612244898,33728,0.0,OK
6.530612244897959,1.836734693877551,33728,0.0,OK
6.530612244897959,2.0408163265306123,33728,0.0,OK
6.530612244897959,2.2448979591836737,33728,0.0,OK
6.530612244897959,2.4489795918367347,33728,0.0,OK
6.530612244897959,2.6530612244897958,35888,0.0,OK
6.530612244897959,2.857142857142857,33728,0.0,OK
6.530612244897959,3.0612244897959187,33728,0.0,OK
6.530612244897959,3.2653061224489797,33728,0.0,OK
6.530612244897959,3.4693877551020407,33728,0.0,OK
6.530612244897959,3.673469387755102,33728,0.0,OK
6.530612244897959,3.8775510204081636,33728,0.0,OK
6.530612244897959,4.081632653061225,35888,0.0,OK
6.530612244897959,4.285714285714286,33728,0.0,OK
6.530612244897959,4.4897959183673475,33728,0.0,OK
6.530612244897959,4.6938775510204085,33728,0.0,OK
6.530612244897959,4.8979591836734695,33728,0.0,OK
6.530612244897959,5.1020408163265305,33728,0.0,OK
6.530612244897959,5.3061224489795915,33728,0.0,OK
6.530612244897959,5.510204081632653,33728,0.0,OK
6.530612244897959,5.714285714285714,33728,0.0,OK
6.530612244897959,5.918367346938775,35888,0.0,OK
6.530612244897959,6.122448979591837,33728,0.0,OK
6.530612244897959,6.326530612244898,33728,0.0,OK
6.530612244897959,6.530612244897959,33728,0.0,OK
6.530612244897959,6.73469387755102,33728,0.0,OK
6.530612244897959,6.938775510204081,33728,0.0,OK
6.530612244897959,7.142857142857143,33728,0.0,OK
6.530612244897959,7.346938775510204,33728,0.0,OK
6.530612244897959,7.551020408163265,33728,0.0,OK
6.530612244897959,7.755102040816327,33728,0.0,OK
6.530612244897959,7.959183673469388,33728,0.0,OK
6.530612244897959,8.16326530612245,33728,0.0,OK
6.530612244897959,8.36734693877551,33728,0.0,OK
6.530612244897959,8.571428571428571,33728,0.0,OK
6.530612244897959,8.775510204081632,33728,0.0,OK
6.530612244897959,8.979591836734695,33728,0.0,OK
6.530612244897959,9.183673469387756,33728,0.0,OK
6.530612244897959,9.387755102040817,33728,0.0,OK
6.530612244897959,9.591836734693878,33728,0.0,OK
6.530612244897959,9.795918367346939,33728,0.0,OK
6.530612244897959,10.0,33728,0.0,OK
6.73469387755102,0.0,648,0.0,NOT OK
6.73469387755102,0.20408163265306123,33728,0.0,OK
6.73469387755102,0.40816326530612246,33728,0.0,OK
6.73469387755102,0.6122448979591837,33728,0.0,OK
6.73469387755102,0.8163265306122449,33728,0.0,OK
6.73469387755102,1.0204081632653061,33728,0.0,OK
6.73469387755102,1.2244897959183674,33728,0.0,OK
6.73469387755102,1.4285714285714286,33728,0.0,OK
6.73469387755102,1.6326530612244898,33728,0.0,OK
6.73469387755102,1.836734693877551,33728,0.0,OK
6.73469387755102,2.0408163265306123,33728,0.0,OK
6.73469387755102,2.2448979591836737,33728,0.0,OK
6.73469387755102,2.4489795918367347,33728,0.0,OK
6.73469387755102,2.6530612244897958,33728,0.0,OK
6.73469387755102,2.857142857142857,33728,0.0,OK
6.73469387755102,3.0612244897959187,33728,0.0,OK
6.73469387755102,3.2653061224489797,33728,0.0,OK
6.73469387755102,3.4693877551020407,33728,0.0,OK
6.73469387755102,3.673469387755102,33728,0.0,OK
6.73469387755102,3.8775510204081636,33728,0.0,OK
6.73469387755102,4.081632653061225,33728,0.0,OK
6.73469387755102,4.285714285714286,33728,0.0,OK
6.73469387755102,4.4897959183673475,33728,0.0,OK
6.73469387755102,4.6938775510204085,33728,0.0,OK
6.73469387755102,4.8979591836734695,33728,0.0,OK
6.73469387755102,5.1020408163265305,33728,0.0,OK
6.73469387755102,5.3061224489795915,35888,0.0,OK
6.73469387755102,5.510204081632653,33728,0.0,OK
6.73469387755102,5.714285714285714,33728,0.0,OK
6.73469387755102,5.918367346938775,33728,0.0,OK
6.73469387755102,6.122448979591837,33728,0.0,OK
6.73469387755102,6.326530612244898,33728,0.0,OK
6.73469387755102,6.530612244897959,33728,0.0,OK
6.73469387755102,6.73469387755102,33728,0.0,OK
6.73469387755102,6.938775510204081,33728,0.0,OK
6.73469387755102,7.142857142857143,33728,0.0,OK
6.73469387755102,7.346938775510204,33728,0.0,OK
6.73469387755102,7.551020408163265,33728,0.0,OK
6.73469387755102,7.755102040816327,33728,0.0,OK
6.73469387755102,7.959183673469388,33728,0.0,OK
6.73469387755102,8.16326530612245,33728,0.0,OK
6.73469387755102,8.36734693877551,33728,0.0,OK
6.73469387755102,8.571428571428571,33728,0.0,OK
6.73469387755102,8.775510204081632,33728,0.0,OK
6.73469387755102,8.979591836734695,33728,0.0,OK
6.73469387755102,9.183673469387756,33728,0.0,OK
6.73469387755102,9.387755102040817,33728,0.0,OK
6.73469387755102,9.591836734693878,33728,0.0,OK
6.73469387755102,9.795918367346939,33728,0.0,OK
6.73469387755102,10.0,33728,0.0,OK
6.938775510204081,0.0,648,0.0,NOT OK
6.938775510204081,0.20408163265306123,33728,0.0,OK
6.938775510204081,0.40816326530612246,33728,0.0,OK
6.938775510204081,0.6122448979591837,33728,0.0,OK
6.938775510204081,0.8163265306122449,33728,0.0,OK
6.938775510204081,1.0204081632653061,33728,0.0,OK
6.938775510204081,1.2244897959183674,33728,0.0,OK
6.938775510204081,1.4285714285714286,33728,0.0,OK
6.938775510204081,1.6326530612244898,33728,0.0,OK
6.938775510204081,1.836734693877551,33728,0.0,OK
6.938775510204081,2.0408163265306123,33728,0.0,OK
6.938775510204081,2.2448979591836737,33728,0.0,OK
6.938775510204081,2.4489795918367347,33728,0.0,OK
6.938775510204081,2.6530612244897958,33728,0.0,OK
6.938775510204081,2.857142857142857,33728,0.0,OK
6.938775510204081,3.0612244897959187,33728,0.0,OK
6.938775510204081,3.2653061224489797,33728,0.0,OK
6.938775510204081,3.4693877551020407,33728,0.0,OK
6.938775510204081,3.673469387755102,33728,0.0,OK
6.938775510204081,3.8775510204081636,33728,0.0,OK
6.938775510204081,4.081632653061225,33728,0.0,OK
6.938775510204081,4.285714285714286,33728,0.0,OK
6.938775510204081,4.4897959183673475,33728,0.0,OK
6.938775510204081,4.6938775510204085,33728,0.0,OK
6.938775510204081,4.8979591836734695,33728,0.0,OK
6.938775510204081,5.1020408163265305,33728,0.0,OK
6.938775510204081,5.3061224489795915,35888,0.0,OK
6.938775510204081,5.510204081632653,33728,0.0,OK
6.938775510204081,5.714285714285714,33728,0.0,OK
6.938775510204081,5.918367346938775,33728,0.0,OK
6.938775510204081,6.122448979591837,33728,0.0,OK
6.938775510204081,6.326530612244898,33728,0.0,OK
6.938775510204081,6.530612244897959,33728,0.0,OK
6.938775510204081,6.73469387755102,33728,0.0,OK
6.938775510204081,6.938775510204081,33728,0.0,OK
6.938775510204081,7.142857142857143,33728,0.0,OK
6.938775510204081,7.346938775510204,33728,0.0,OK
6.938775510204081,7.551020408163265,33728,0.0,OK
6.938775510204081,7.755102040816327,33728,0.0,OK
6.938775510204081,7.959183673469388,33728,0.0,OK
6.938775510204081,8.16326530612245,33728,0.0,OK
6.938775510204081,8.36734693877551,33728,0.0,OK
6.938775510204081,8.571428571428571,33728,0.0,OK
6.938775510204081,8.775510204081632,33728,0.0,OK
6.938775510204081,8.979591836734695,33728,0.0,OK
6.938775510204081,9.183673469387756,33728,0.0,OK
6.938775510204081,9.387755102040817,33728,0.0,OK
6.938775510204081,9.591836734693878,33728,0.0,OK
6.938775510204081,9.795918367346939,33728,0.0,OK
6.938775510204081,10.0,33728,0.0,OK
7.142857142857143,0.0,648,0.0,NOT OK
7.142857142857143,0.20408163265306123,33728,0.0,OK
7.142857142857143,0.40816326530612246,33728,0.0,OK
7.142857142857143,0.6122448979591837,33728,0.0,OK
7.142857142857143,0.8163265306122449,33728,0.0,OK
7.142857142857143,1.0204081632653061,33728,0.0,OK
7.142857142857143,1.2244897959183674,33728,0.0,OK
7.142857142857143,1.4285714285714286,33728,0.0,OK
7.142857142857143,1.6326530612244898,33728,0.0,OK
7.142857142857143,1.836734693877551,33728,0.0,OK
7.142857142857143,2.0408163265306123,33728,0.0,OK
7.142857142857143,2.2448979591836737,33728,0.0,OK
7.142857142857143,2.4489795918367347,33728,0.0,OK
7.142857142857143,2.6530612244897958,33728,0.0,OK
7.142857142857143,2.857142857142857,33728,0.0,OK
7.142857142857143,3.0612244897959187,33728,0.0,OK
7.142857142857143,3.2653061224489797,33728,0.0,OK
7.142857142857143,3.4693877551020407,33728,0.0,OK
7.142857142857143,3.673469387755102,33728,0.0,OK
7.142857142857143,3.8775510204081636,33728,0.0,OK
7.142857142857143,4.081632653061225,35888,0.0,OK
7.142857142857143,4.285714285714286,33728,0.0,OK
7.142857142857143,4.4897959183673475,33728,0.0,OK
7.142857142857143,4.6938775510204085,33728,0.0,OK
7.142857142857143,4.8979591836734695,33728,0.0,OK
7.142857142857143,5.1020408163265305,33728,0.0,OK
7.142857142857143,5.3061224489795915,35888,0.0,OK
7.142857142857143,5.510204081632653,33728,0.0,OK
7.142857142857143,5.714285714285714,33728,0.0,OK
7.142857142857143,5.918367346938775,33728,0.0,OK
7.142857142857143,6.122448979591837,33728,0.0,OK
7.142857142857143,6.326530612244898,33728,0.0,OK
7.142857142857143,6.530612244897959,33728,0.0,OK
7.142857142857143,6.73469387755102,33728,0.0,OK
7.142857142857143,6.938775510204081,33728,0.0,OK
7.142857142857143,7.142857142857143,33728,0.0,OK
7.142857142857143,7.346938775510204,33728,0.0,OK
7.142857142857143,7.551020408163265,33728,0.0,OK
7.142857142857143,7.755102040816327,33728,0.0,OK
7.142857142857143,7.959183673469388,33728,0.0,OK
7.142857142857143,8.16326530612245,33728,0.0,OK
7.142857142857143,8.36734693877551,33728,0.0,OK
7.142857142857143,8.571428571428571,33728,0.0,OK
7.142857142857143,8.775510204081632,33728,0.0,OK
7.142857142857143,8.979591836734695,33728,0.0,OK
7.142857142857143,9.183673469387756,33728,0.0,OK
7.142857142857143,9.387755102040817,33728,0.0,OK
7.142857142857143,9.591836734693878,33728,0.0,OK
7.142857142857143,9.795918367346939,33728,0.0,OK
7.142857142857143,10.0,33728,0.0,OK
7.346938775510204,0.0,648,0.0,NOT OK
7.346938775510204,0.20408163265306123,33728,0.0,OK
7.346938775510204,0.40816326530612246,33728,0.0,OK
7.346938775510204,0.6122448979591837,33728,0.0,OK
7.346938775510204,0.8163265306122449,33728,0.0,OK
7.346938775510204,1.0204081632653061,33728,0.0,OK
7.346938775510204,1.2244897959183674,33728,0.0,OK
7.346938775510204,1.4285714285714286,33728,0.0,OK
7.346938775510204,1.6326530612244898,33728,0.0,OK
7.346938775510204,1.836734693877551,33728,0.0,OK
7.346938775510204,2.0408163265306123,33728,0.0,OK
7.346938775510204,2.2448979591836737,33728,0.0,OK
7.346938775510204,2.4489795918367347,33728,0.0,OK
7.346938775510204,2.6530612244897958,33728,0.0,OK
7.346938775510204,2.857142857142857,33728,0.0,OK
7.346938775510204,3.0612244897959187,33728,0.0,OK
7.346938775510204,3.2653061224489797,33728,0.0,OK
7.346938775510204,3.4693877551020407,33728,0.0,OK
7.346938775510204,3.673469387755102,33728,0.0,OK
7.346938775510204,3.8775510204081636,33728,0.0,OK
7.346938775510204,4.081632653061225,35888,0.0,OK
7.346938775510204,4.285714285714286,33728,0.0,OK
7.346938775510204,4.4897959183673475,33728,0.0,OK
7.346938775510204,4.6938775510204085,33728,0.0,OK
7.346938775510204,4.8979591836734695,33728,0.0,OK
7.346938775510204,5.1020408163265305,33728,0.0,OK
7.346938775510204,5.3061224489795915,33728,0.0,OK
7.346938775510204,5.510204081632653,33728,0.0,OK
7.346938775510204,5.714285714285714,33728,0.0,OK
7.346938775510204,5.918367346938775,35888,0.0,OK
7.346938775510204,6.122448979591837,33728,0.0,OK
7.346938775510204,6.326530612244898,33728,0.0,OK
7.346938775510204,6.530612244897959,33728,0.0,OK
7.346938775510204,6.73469387755102,33728,0.0,OK
7.346938775510204,6.938775510204081,33728,0.0,OK
7.346938775510204,7.142857142857143,33728,0.0,OK
7.346938775510204,7.346938775510204,33728,0.0,OK
7.346938775510204,7.551020408163265,33728,0.0,OK
7.346938775510204,7.755102040816327,33728,0.0,OK
7.346938775510204,7.959183673469388,33728,0.0,OK
7.346938775510204,8.16326530612245,33728,0.0,OK
7.346938775510204,8.36734693877551,33728,0.0,OK
7.346938775510204,8.571428571428571,33728,0.0,OK
7.346938775510204,8.775510204081632,33728,0.0,OK
7.346938775510204,8.979591836734695,33728,0.0,OK
7.346938775510204,9.183673469387756,33728,0.0,OK
7.346938775510204,9.387755102040817,33728,0.0,OK
7.346938775510204,9.591836734693878,33728,0.0,OK
7.346938775510204,9.795918367346939,33728,0.0,OK
7.346938775510204,10.0,33728,0.0,OK
7.551020408163265,0.0,648,0.0,NOT OK
7.551020408163265,0.20408163265306123,33728,0.0,OK
7.551020408163265,0.40816326530612246,33728,0.0,OK
7.551020408163265,0.6122448979591837,33728,0.0,OK
7.551020408163265,0.8163265306122449,33728,0.0,OK
7.551020408163265,1.0204081632653061,33728,0.0,OK
7.551020408163265,1.2244897959183674,33728,0.0,OK
7.551020408163265,1.4285714285714286,33728,0.0,OK
7.551020408163265,1.6326530612244898,33728,0.0,OK
7.551020408163265,1.836734693877551,33728,0.0,OK
7.551020408163265,2.0408163265306123,33728,0.0,OK
7.551020408163265,2.2448979591836737,33728,0.0,OK
7.551020408163265,2.4489795918367347,33728,0.0,OK
7.551020408163265,2.6530612244897958,33728,0.0,OK
7.551020408163265,2.857142857142857,33728,0.0,OK
7.551020408163265,3.0612244897959187,33728,0.0,OK
7.551020408163265,3.2653061224489797,33728,0.0,OK
7.551020408163265,3.4693877551020407,33728,0.0,OK
7.551020408163265,3.673469387755102,33728,0.0,OK
7.551020408163265,3.8775510204081636,33728,0.0,OK
7.551020408163265,4.081632653061225,35888,0.0,OK
7.551020408163265,4.285714285714286,33728,0.0,OK
7.551020408163265,4.4897959183673475,33728,0.0,OK
7.551020408163265,4.6938775510204085,33728,0.0,OK
7.551020408163265,4.8979591836734695,33728,0.0,OK
7.551020408163265,5.1020408163265305,33728,0.0,OK
7.551020408163265,5.3061224489795915,33728,0.0,OK
7.551020408163265,5.510204081632653,33728,0.0,OK
7.551020408163265,5.714285714285714,33728,0.0,OK
7.551020408163265,5.918367346938775,35888,0.0,OK
7.551020408163265,6.122448979591837,33728,0.0,OK
7.551020408163265,6.326530612244898,33728,0.0,OK
7.551020408163265,6.530612244897959,33728,0.0,OK
7.551020408163265,6.73469387755102,33728,0.0,OK
7.551020408163265,6.938775510204081,33728,0.0,OK
7.551020408163265,7.142857142857143,33728,0.0,OK
7.551020408163265,7.346938775510204,33728,0.0,OK
7.551020408163265,7.551020408163265,33728,0.0,OK
7.551020408163265,7.755102040816327,33728,0.0,OK
7.551020408163265,7.959183673469388,33728,0.0,OK
7.551020408163265,8.16326530612245,33728,0.0,OK
7.551020408163265,8.36734693877551,33728,0.0,OK
7.551020408163265,8.571428571428571,33728,0.0,OK
7.551020408163265,8.775510204081632,33728,0.0,OK
7.551020408163265,8.979591836734695,33728,0.0,OK
7.551020408163265,9.183673469387756,33728,0.0,OK
7.551020408163265,9.387755102040817,33728,0.0,OK
7.551020408163265,9.591836734693878,33728,0.0,OK
7.551020408163265,9.795918367346939,33728,0.0,OK
7.551020408163265,10.0,33728,0.0,OK
7.755102040816327,0.0,2178,0.0,NOT OK
7.755102040816327,0.20408163265306123,33728,0.0,OK
7.755102040816327,0.40816326530612246,33728,0.0,OK
7.755102040816327,0.6122448979591837,33728,0.0,OK
7.755102040816327,0.8163265306122449,33728,0.0,OK
7.755102040816327,1.0204081632653061,33728,0.0,OK
7.755102040816327,1.2244897959183674,33728,0.0,OK
7.755102040816327,1.4285714285714286,33728,0.0,OK
7.755102040816327,1.6326530612244898,33728,0.0,OK
7.755102040816327,1.836734693877551,33728,0.0,OK
7.755102040816327,2.0408163265306123,33728,0.0,OK
7.755102040816327,2.2448979591836737,33728,0.0,OK
7.755102040816327,2.4489795918367347,33728,0.0,OK
7.755102040816327,2.6530612244897958,35888,0.0,OK
7.755102040816327,2.857142857142857,33728,0.0,OK
7.755102040816327,3.0612244897959187,33728,0.0,OK
7.755102040816327,3.2653061224489797,33728,0.0,OK
7.755102040816327,3.4693877551020407,33728,0.0,OK
7.755102040816327,3.673469387755102,33728,0.0,OK
7.755102040816327,3.8775510204081636,33728,0.0,OK
7.755102040816327,4.081632653061225,35888,0.0,OK
7.755102040816327,4.285714285714286,33728,0.0,OK
7.755102040816327,4.4897959183673475,33728,0.0,OK
7.755102040816327,4.6938775510204085,33728,0.0,OK
7.755102040816327,4.8979591836734695,33728,0.0,OK
7.755102040816327,5.1020408163265305,33728,0.0,OK
7.755102040816327,5.3061224489795915,33728,0.0,OK
7.755102040816327,5.510204081632653,33728,0.0,OK
7.755102040816327,5.714285714285714,33728,0.0,OK
7.755102040816327,5.918367346938775,33728,0.0,OK
7.755102040816327,6.122448979591837,33728,0.0,OK
7.755102040816327,6.326530612244898,33728,0.0,OK
7.755102040816327,6.530612244897959,33728,0.0,OK
7.755102040816327,6.73469387755102,33728,0.0,OK
7.755102040816327,6.938775510204081,33728,0.0,OK
7.755102040816327,7.142857142857143,33728,0.0,OK
7.755102040816327,7.346938775510204,33728,0.0,OK
7.755102040816327,7.551020408163265,33728,0.0,OK
7.755102040816327,7.755102040816327,33728,0.0,OK
7.755102040816327,7.959183673469388,33728,0.0,OK
7.755102040816327,8.16326530612245,33728,0.0,OK
7.755102040816327,8.36734693877551,33728,0.0,OK
7.755102040816327,8.571428571428571,33728,0.0,OK
7.755102040816327,8.775510204081632,33728,0.0,OK
7.755102040816327,8.979591836734695,33728,0.0,OK
7.755102040816327,9.183673469387756,33728,0.0,OK
7.755102040816327,9.387755102040817,33728,0.0,OK
7.755102040816327,9.591836734693878,33728,0.0,OK
7.755102040816327,9.795918367346939,33728,0.0,OK
7.755102040816327,10.0,33728,0.0,OK
7.959183673469388,0.0,2178,0.0,NOT OK
7.959183673469388,0.20408163265306123,33728,0.0,OK
7.959183673469388,0.40816326530612246,33728,0.0,OK
7.959183673469388,0.6122448979591837,33728,0.0,OK
7.959183673469388,0.8163265306122449,33728,0.0,OK
7.959183673469388,1.0204081632653061,33728,0.0,OK
7.959183673469388,1.2244897959183674,33728,0.0,OK
7.959183673469388,1.4285714285714286,33728,0.0,OK
7.959183673469388,1.6326530612244898,33728,0.0,OK
7.959183673469388,1.836734693877551,33728,0.0,OK
7.959183673469388,2.0408163265306123,33728,0.0,OK
7.959183673469388,2.2448979591836737,33728,0.0,OK
7.959183673469388,2.4489795918367347,33728,0.0,OK
7.959183673469388,2.6530612244897958,35888,0.0,OK
7.959183673469388,2.857142857142857,33728,0.0,OK
7.959183673469388,3.0612244897959187,33728,0.0,OK
7.959183673469388,3.2653061224489797,33728,0.0,OK
7.959183673469388,3.4693877551020407,33728,0.0,OK
7.959183673469388,3.673469387755102,33728,0.0,OK
7.959183673469388,3.8775510204081636,33728,0.0,OK
7.959183673469388,4.081632653061225,35888,0.0,OK
7.959183673469388,4.285714285714286,33728,0.0,OK
7.959183673469388,4.4897959183673475,33728,0.0,OK
7.959183673469388,4.6938775510204085,33728,0.0,OK
7.959183673469388,4.8979591836734695,33728,0.0,OK
7.959183673469388,5.1020408163265305,33728,0.0,OK
7.959183673469388,5.3061224489795915,33728,0.0,OK
7.959183673469388,5.510204081632653,33728,0.0,OK
7.959183673469388,5.714285714285714,33728,0.0,OK
7.959183673469388,5.918367346938775,35888,0.0,OK
7.959183673469388,6.122448979591837,33728,0.0,OK
7.959183673469388,6.326530612244898,33728,0.0,OK
7.959183673469388,6.530612244897959,33728,0.0,OK
7.959183673469388,6.73469387755102,33728,0.0,OK
7.959183673469388,6.938775510204081,33728,0.0,OK
7.959183673469388,7.142857142857143,33728,0.0,OK
7.959183673469388,7.346938775510204,33728,0.0,OK
7.959183673469388,7.551020408163265,33728,0.0,OK
7.959183673469388,7.755102040816327,33728,0.0,OK
7.959183673469388,7.959183673469388,33728,0.0,OK
7.959183673469388,8.16326530612245,33728,0.0,OK
7.959183673469388,8.36734693877551,33728,0.0,OK
7.959183673469388,8.571428571428571,33728,0.0,OK
7.959183673469388,8.775510204081632,33728,0.0,OK
7.959183673469388,8.979591836734695,33728,0.0,OK
7.959183673469388,9.183673469387756,33728,0.0,OK
7.959183673469388,9.387755102040817,33728,0.0,OK
7.959183673469388,9.591836734693878,33728,0.0,OK
7.959183673469388,9.795918367346939,33728,0.0,OK
7.959183673469388,10.0,33728,0.0,OK
8.16326530612245,0.0,2178,0.0,NOT OK
8.16326530612245,0.20408163265306123,33728,0.0,OK
8.16326530612245,0.40816326530612246,33728,0.0,OK
8.16326530612245,0.6122448979591837,33728,0.0,OK
8.16326530612245,0.8163265306122449,33728,0.0,OK
8.16326530612245,1.0204081632653061,33728,0.0,OK
8.16326530612245,1.2244897959183674,33728,0.0,OK
8.16326530612245,1.4285714285714286,33728,0.0,OK
8.16326530612245,1.6326530612244898,33728,0.0,OK
8.16326530612245,1.836734693877551,33728,0.0,OK
8.16326530612245,2.0408163265306123,33728,0.0,OK
8.16326530612245,2.2448979591836737,33728,0.0,OK
8.16326530612245,2.4489795918367347,33728,0.0,OK
8.16326530612245,2.6530612244897958,35888,0.0,OK
8.16326530612245,2.857142857142857,33728,0.0,OK
8.16326530612245,3.0612244897959187,33728,0.0,OK
8.16326530612245,3.2653061224489797,33728,0.0,OK
8.16326530612245,3.4693877551020407,33728,0.0,OK
8.16326530612245,3.673469387755102,33728,0.0,OK
8.16326530612245,3.8775510204081636,33728,0.0,OK
8.16326530612245,4.081632653061225,35888,0.0,OK
8.16326530612245,4.285714285714286,33728,0.0,OK
8.16326530612245,4.4897959183673475,33728,0.0,OK
8.16326530612245,4.6938775510204085,33728,0.0,OK
8.16326530612245,4.8979591836734695,33728,0.0,OK
8.16326530612245,5.1020408163265305,33728,0.0,OK
8.16326530612245,5.3061224489795915,33728,0.0,OK
8.16326530612245,5.510204081632653,33728,0.0,OK
8.16326530612245,5.714285714285714,33728,0.0,OK
8.16326530612245,5.918367346938775,35888,0.0,OK
8.16326530612245,6.122448979591837,33728,0.0,OK
8.16326530612245,6.326530612244898,33728,0.0,OK
8.16326530612245,6.530612244897959,33728,0.0,OK
8.16326530612245,6.73469387755102,33728,0.0,OK
8.16326530612245,6.938775510204081,33728,0.0,OK
8.16326530612245,7.142857142857143,33728,0.0,OK
8.16326530612245,7.346938775510204,33728,0.0,OK
8.16326530612245,7.551020408163265,33728,0.0,OK
8.16326530612245,7.755102040816327,33728,0.0,OK
8.16326530612245,7.959183673469388,33728,0.0,OK
8.16326530612245,8.16326530612245,33728,0.0,OK
8.16326530612245,8.36734693877551,33728,0.0,OK
8.16326530612245,8.571428571428571,33728,0.0,OK
8.16326530612245,8.775510204081632,33728,0.0,OK
8.16326530612245,8.979591836734695,33728,0.0,OK
8.16326530612245,9.183673469387756,33728,0.0,OK
8.16326530612245,9.387755102040817,33728,0.0,OK
8.16326530612245,9.591836734693878,33728,0.0,OK
8.16326530612245,9.795918367346939,33728,0.0,OK
8.16326530612245,10.0,33728,0.0,OK
8.36734693877551,0.0,648,0.0,NOT OK
8.36734693877551,0.20408163265306123,33728,0.0,OK
8.36734693877551,0.40816326530612246,33728,0.0,OK
8.36734693877551,0.6122448979591837,33728,0.0,OK
8.36734693877551,0.8163265306122449,33728,0.0,OK
8.36734693877551,1.0204081632653061,33728,0.0,OK
8.36734693877551,1.2244897959183674,33728,0.0,OK
8.36734693877551,1.4285714285714286,33728,0.0,OK
8.36734693877551,1.6326530612244898,33728,0.0,OK
8.36734693877551,1.836734693877551,33728,0.0,OK
8.36734693877551,2.0408163265306123,33728,0.0,OK
8.36734693877551,2.2448979591836737,33728,0.0,OK
8.36734693877551,2.4489795918367347,33728,0.0,OK
8.36734693877551,2.6530612244897958,33728,0.0,OK
8.36734693877551,2.857142857142857,33728,0.0,OK
8.36734693877551,3.0612244897959187,33728,0.0,OK
8.36734693877551,3.2653061224489797,33728,0.0,OK
8.36734693877551,3.4693877551020407,33728,0.0,OK
8.36734693877551,3.673469387755102,33728,0.0,OK
8.36734693877551,3.8775510204081636,33728,0.0,OK
8.36734693877551,4.081632653061225,35888,0.0,OK
8.36734693877551,4.285714285714286,33728,0.0,OK
8.36734693877551,4.4897959183673475,33728,0.0,OK
8.36734693877551,4.6938775510204085,33728,0.0,OK
8.36734693877551,4.8979591836734695,33728,0.0,OK
8.36734693877551,5.1020408163265305,33728,0.0,OK
8.36734693877551,5.3061224489795915,33728,0.0,OK
8.36734693877551,5.510204081632653,33728,0.0,OK
8.36734693877551,5.714285714285714,33728,0.0,OK
8.36734693877551,5.918367346938775,35888,0.0,OK
8.36734693877551,6.122448979591837,33728,0.0,OK
8.36734693877551,6.326530612244898,33728,0.0,OK
8.36734693877551,6.530612244897959,33728,0.0,OK
8.36734693877551,6.73469387755102,33728,0.0,OK
8.36734693877551,6.938775510204081,33728,0.0,OK
8.36734693877551,7.142857142857143,33728,0.0,OK
8.36734693877551,7.346938775510204,33728,0.0,OK
8.36734693877551,7.551020408163265,33728,0.0,OK
8.36734693877551,7.755102040816327,33728,0.0,OK
8.36734693877551,7.959183673469388,33728,0.0,OK
8.36734693877551,8.16326530612245,33728,0.0,OK
8.36734693877551,8.36734693877551,33728,0.0,OK
8.36734693877551,8.571428571428571,33728,0.0,OK
8.36734693877551,8.775510204081632,33728,0.0,OK
8.36734693877551,8.979591836734695,33728,0.0,OK
8.36734693877551,9.183673469387756,33728,0.0,OK
8.36734693877551,9.387755102040817,33728,0.0,OK
8.36734693877551,9.591836734693878,33728,0.0,OK
8.36734693877551,9.795918367346939,33728,0.0,OK
8.36734693877551,10.0,33728,0.0,OK
8.571428571428571,0.0,648,0.0,NOT OK
8.571428571428571,0.20408163265306123,33728,0.0,OK
8.571428571428571,0.40816326530612246,33728,0.0,OK
8.571428571428571,0.6122448979591837,33728,0.0,OK
8.571428571428571,0.8163265306122449,33728,0.0,OK
8.571428571428571,1.0204081632653061,33728,0.0,OK
8.571428571428571,1.2244897959183674,33728,0.0,OK
8.571428571428571,1.4285714285714286,33728,0.0,OK
8.571428571428571,1.6326530612244898,33728,0.0,OK
8.571428571428571,1.836734693877551,33728,0.0,OK
8.571428571428571,2.0408163265306123,33728,0.0,OK
8.571428571428571,2.2448979591836737,33728,0.0,OK
8.571428571428571,2.4489795918367347,33728,0.0,OK
8.571428571428571,2.6530612244897958,33728,0.0,OK
8.571428571428571,2.857142857142857,33728,0.0,OK
8.571428571428571,3.0612244897959187,33728,0.0,OK
8.571428571428571,3.2653061224489797,33728,0.0,OK
8.571428571428571,3.4693877551020407,33728,0.0,OK
8.571428571428571,3.673469387755102,33728,0.0,OK
8.571428571428571,3.8775510204081636,33728,0.0,OK
8.571428571428571,4.081632653061225,35888,0.0,OK
8.571428571428571,4.285714285714286,33728,0.0,OK
8.571428571428571,4.4897959183673475,33728,0.0,OK
8.571428571428571,4.6938775510204085,33728,0.0,OK
8.571428571428571,4.8979591836734695,33728,0.0,OK
8.571428571428571,5.1020408163265305,33728,0.0,OK
8.571428571428571,5.3061224489795915,33728,0.0,OK
8.571428571428571,5.510204081632653,33728,0.0,OK
8.571428571428571,5.714285714285714,33728,0.0,OK
8.571428571428571,5.918367346938775,35888,0.0,OK
8.571428571428571,6.122448979591837,33728,0.0,OK
8.571428571428571,6.326530612244898,33728,0.0,OK
8.571428571428571,6.530612244897959,33728,0.0,OK
8.571428571428571,6.73469387755102,33728,0.0,OK
8.571428571428571,6.938775510204081,33728,0.0,OK
8.571428571428571,7.142857142857143,33728,0.0,OK
8.571428571428571,7.346938775510204,33728,0.0,OK
8.571428571428571,7.551020408163265,33728,0.0,OK
8.571428571428571,7.755102040816327,33728,0.0,OK
8.571428571428571,7.959183673469388,33728,0.0,OK
8.571428571428571,8.16326530612245,33728,0.0,OK
8.571428571428571,8.36734693877551,33728,0.0,OK
8.571428571428571,8.571428571428571,33728,0.0,OK
8.571428571428571,8.775510204081632,33728,0.0,OK
8.571428571428571,8.979591836734695,33728,0.0,OK
8.571428571428571,9.183673469387756,33728,0.0,OK
8.571428571428571,9.387755102040817,33728,0.0,OK
8.571428571428571,9.591836734693878,33728,0.0,OK
8.571428571428571,9.795918367346939,33728,0.0,OK
8.571428571428571,10.0,33728,0.0,OK
8.775510204081632,0.0,648,0.0,NOT OK
8.775510204081632,0.20408163265306123,33728,0.0,OK
8.775510204081632,0.40816326530612246,33728,0.0,OK
8.775510204081632,0.6122448979591837,33728,0.0,OK
8.775510204081632,0.8163265306122449,33728,0.0,OK
8.775510204081632,1.0204081632653061,33728,0.0,OK
8.775510204081632,1.2244897959183674,33728,0.0,OK
8.775510204081632,1.4285714285714286,33728,0.0,OK
8.775510204081632,1.6326530612244898,33728,0.0,OK
8.775510204081632,1.836734693877551,33728,0.0,OK
8.775510204081632,2.0408163265306123,33728,0.0,OK
8.775510204081632,2.2448979591836737,33728,0.0,OK
8.775510204081632,2.4489795918367347,33728,0.0,OK
8.775510204081632,2.6530612244897958,33728,0.0,OK
8.775510204081632,2.857142857142857,33728,0.0,OK
8.775510204081632,3.0612244897959187,33728,0.0,OK
8.775510204081632,3.2653061224489797,33728,0.0,OK
8.775510204081632,3.4693877551020407,33728,0.0,OK
8.775510204081632,3.673469387755102,33728,0.0,OK
8.775510204081632,3.8775510204081636,33728,0.0,OK
8.775510204081632,4.081632653061225,35888,0.0,OK
8.775510204081632,4.285714285714286,33728,0.0,OK
8.775510204081632,4.4897959183673475,33728,0.0,OK
8.775510204081632,4.6938775510204085,33728,0.0,OK
8.775510204081632,4.8979591836734695,33728,0.0,OK
8.775510204081632,5.1020408163265305,33728,0.0,OK
8.775510204081632,5.3061224489795915,33728,0.0,OK
8.775510204081632,5.510204081632653,33728,0.0,OK
8.775510204081632,5.714285714285714,33728,0.0,OK
8.775510204081632,5.918367346938775,35888,0.0,OK
8.775510204081632,6.122448979591837,33728,0.0,OK
8.775510204081632,6.326530612244898,33728,0.0,OK
8.775510204081632,6.530612244897959,33728,0.0,OK
8.775510204081632,6.73469387755102,33728,0.0,OK
8.775510204081632,6.938775510204081,33728,0.0,OK
8.775510204081632,7.142857142857143,33728,0.0,OK
8.775510204081632,7.346938775510204,33728,0.0,OK
8.775510204081632,7.551020408163265,33728,0.0,OK
8.775510204081632,7.755102040816327,33728,0.0,OK
8.775510204081632,7.959183673469388,33728,0.0,OK
8.775510204081632,8.16326530612245,33728,0.0,OK
8.775510204081632,8.36734693877551,33728,0.0,OK
8.775510204081632,8.571428571428571,33728,0.0,OK
8.775510204081632,8.775510204081632,33728,0.0,OK
8.775510204081632,8.979591836734695,33728,0.0,OK
8.775510204081632,9.183673469387756,33728,0.0,OK
8.775510204081632,9.387755102040817,33728,0.0,OK
8.775510204081632,9.591836734693878,33728,0.0,OK
8.775510204081632,9.795918367346939,33728,0.0,OK
8.775510204081632,10.0,33728,0.0,OK
8.979591836734695,0.0,648,0.0,NOT OK
8.979591836734695,0.20408163265306123,33728,0.0,OK
8.979591836734695,0.40816326530612246,33728,0.0,OK
8.979591836734695,0.6122448979591837,33728,0.0,OK
8.979591836734695,0.8163265306122449,33728,0.0,OK
8.979591836734695,1.0204081632653061,33728,0.0,OK
8.979591836734695,1.2244897959183674,33728,0.0,OK
8.979591836734695,1.4285714285714286,33728,0.0,OK
8.979591836734695,1.6326530612244898,33728,0.0,OK
8.979591836734695,1.836734693877551,33728,0.0,OK
8.979591836734695,2.0408163265306123,33728,0.0,OK
8.979591836734695,2.2448979591836737,33728,0.0,OK
8.979591836734695,2.4489795918367347,33728,0.0,OK
8.979591836734695,2.6530612244897958,35888,0.0,OK
8.979591836734695,2.857142857142857,33728,0.0,OK
8.979591836734695,3.0612244897959187,33728,0.0,OK
8.979591836734695,3.2653061224489797,33728,0.0,OK
8.979591836734695,3.4693877551020407,33728,0.0,OK
8.979591836734695,3.673469387755102,33728,0.0,OK
8.979591836734695,3.8775510204081636,33728,0.0,OK
8.979591836734695,4.081632653061225,33728,0.0,OK
8.979591836734695,4.285714285714286,33728,0.0,OK
8.979591836734695,4.4897959183673475,33728,0.0,OK
8.979591836734695,4.6938775510204085,33728,0.0,OK
8.979591836734695,4.8979591836734695,33728,0.0,OK
8.979591836734695,5.1020408163265305,33728,0.0,OK
8.979591836734695,5.3061224489795915,33728,0.0,OK
8.979591836734695,5.510204081632653,33728,0.0,OK
8.979591836734695,5.714285714285714,33728,0.0,OK
8.979591836734695,5.918367346938775,33728,0.0,OK
8.979591836734695,6.122448979591837,33728,0.0,OK
8.979591836734695,6.326530612244898,33728,0.0,OK
8.979591836734695,6.530612244897959,33728,0.0,OK
8.979591836734695,6.73469387755102,33728,0.0,OK
8.979591836734695,6.938775510204081,33728,0.0,OK
8.979591836734695,7.142857142857143,33728,0.0,OK
8.979591836734695,7.346938775510204,33728,0.0,OK
8.979591836734695,7.551020408163265,33728,0.0,OK
8.979591836734695,7.755102040816327,33728,0.0,OK
8.979591836734695,7.959183673469388,33728,0.0,OK
8.979591836734695,8.16326530612245,33728,0.0,OK
8.979591836734695,8.36734693877551,33728,0.0,OK
8.979591836734695,8.571428571428571,33728,0.0,OK
8.979591836734695,8.775510204081632,33728,0.0,OK
8.979591836734695,8.979591836734695,33728,0.0,OK
8.979591836734695,9.183673469387756,33728,0.0,OK
8.979591836734695,9.387755102040817,33728,0.0,OK
8.979591836734695,9.591836734693878,33728,0.0,OK
8.979591836734695,9.795918367346939,33728,0.0,OK
8.979591836734695,10.0,33728,0.0,OK
9.183673469387756,0.0,648,0.0,NOT OK
9.183673469387756,0.20408163265306123,33728,0.0,OK
9.183673469387756,0.40816326530612246,33728,0.0,OK
9.183673469387756,0.6122448979591837,33728,0.0,OK
9.183673469387756,0.8163265306122449,33728,0.0,OK
9.183673469387756,1.0204081632653061,33728,0.0,OK
9.183673469387756,1.2244897959183674,33728,0.0,OK
9.183673469387756,1.4285714285714286,33728,0.0,OK
9.183673469387756,1.6326530612244898,33728,0.0,OK
9.183673469387756,1.836734693877551,33728,0.0,OK
9.183673469387756,2.0408163265306123,33728,0.0,OK
9.183673469387756,2.2448979591836737,33728,0.0,OK
9.183673469387756,2.4489795918367347,33728,0.0,OK
9.183673469387756,2.6530612244897958,35888,0.0,OK
9.183673469387756,2.857142857142857,33728,0.0,OK
9.183673469387756,3.0612244897959187,33728,0.0,OK
9.183673469387756,3.2653061224489797,33728,0.0,OK
9.183673469387756,3.4693877551020407,33728,0.0,OK
9.183673469387756,3.673469387755102,33728,0.0,OK
9.183673469387756,3.8775510204081636,33728,0.0,OK
9.183673469387756,4.081632653061225,33728,0.0,OK
9.183673469387756,4.285714285714286,33728,0.0,OK
9.183673469387756,4.4897959183673475,33728,0.0,OK
9.183673469387756,4.6938775510204085,33728,0.0,OK
9.183673469387756,4.8979591836734695,33728,0.0,OK
9.183673469387756,5.1020408163265305,33728,0.0,OK
9.183673469387756,5.3061224489795915,33728,0.0,OK
9.183673469387756,5.510204081632653,33728,0.0,OK
9.183673469387756,5.714285714285714,33728,0.0,OK
9.183673469387756,5.918367346938775,33728,0.0,OK
9.183673469387756,6.122448979591837,33728,0.0,OK
9.183673469387756,6.326530612244898,33728,0.0,OK
9.183673469387756,6.530612244897959,33728,0.0,OK
9.183673469387756,6.73469387755102,33728,0.0,OK
9.183673469387756,6.938775510204081,33728,0.0,OK
9.183673469387756,7.142857142857143,33728,0.0,OK
9.183673469387756,7.346938775510204,33728,0.0,OK
9.183673469387756,7.551020408163265,33728,0.0,OK
9.183673469387756,7.755102040816327,33728,0.0,OK
9.183673469387756,7.959183673469388,33728,0.0,OK
9.183673469387756,8.16326530612245,33728,0.0,OK
9.183673469387756,8.36734693877551,33728,0.0,OK
9.183673469387756,8.571428571428571,33728,0.0,OK
9.183673469387756,8.775510204081632,33728,0.0,OK
9.183673469387756,8.979591836734695,33728,0.0,OK
9.183673469387756,9.183673469387756,33728,0.0,OK
9.183673469387756,9.387755102040817,33728,0.0,OK
9.183673469387756,9.591836734693878,33728,0.0,OK
9.183673469387756,9.795918367346939,33728,0.0,OK
9.183673469387756,10.0,33728,0.0,OK
9.387755102040817,0.0,648,0.0,NOT OK
9.387755102040817,0.20408163265306123,33728,0.0,OK
9.387755102040817,0.40816326530612246,33728,0.0,OK
9.387755102040817,0.6122448979591837,33728,0.0,OK
9.387755102040817,0.8163265306122449,33728,0.0,OK
9.387755102040817,1.0204081632653061,33728,0.0,OK
9.387755102040817,1.2244897959183674,33728,0.0,OK
9.387755102040817,1.4285714285714286,33728,0.0,OK
9.387755102040817,1.6326530612244898,33728,0.0,OK
9.387755102040817,1.836734693877551,33728,0.0,OK
9.387755102040817,2.0408163265306123,33728,0.0,OK
9.387755102040817,2.2448979591836737,33728,0.0,OK
9.387755102040817,2.4489795918367347,33728,0.0,OK
9.387755102040817,2.6530612244897958,35888,0.0,OK
9.387755102040817,2.857142857142857,33728,0.0,OK
9.387755102040817,3.0612244897959187,33728,0.0,OK
9.387755102040817,3.2653061224489797,33728,0.0,OK
9.387755102040817,3.4693877551020407,33728,0.0,OK
9.387755102040817,3.673469387755102,33728,0.0,OK
9.387755102040817,3.8775510204081636,33728,0.0,OK
9.387755102040817,4.081632653061225,33728,0.0,OK
9.387755102040817,4.285714285714286,33728,0.0,OK
9.387755102040817,4.4897959183673475,33728,0.0,OK
9.387755102040817,4.6938775510204085,33728,0.0,OK
9.387755102040817,4.8979591836734695,33728,0.0,OK
9.387755102040817,5.1020408163265305,33728,0.0,OK
9.387755102040817,5.3061224489795915,33728,0.0,OK
9.387755102040817,5.510204081632653,33728,0.0,OK
9.387755102040817,5.714285714285714,33728,0.0,OK
9.387755102040817,5.918367346938775,33728,0.0,OK
9.387755102040817,6.122448979591837,33728,0.0,OK
9.387755102040817,6.326530612244898,33728,0.0,OK
9.387755102040817,6.530612244897959,33728,0.0,OK
9.387755102040817,6.73469387755102,33728,0.0,OK
9.387755102040817,6.938775510204081,33728,0.0,OK
9.387755102040817,7.142857142857143,33728,0.0,OK
9.387755102040817,7.346938775510204,33728,0.0,OK
9.387755102040817,7.551020408163265,33728,0.0,OK
9.387755102040817,7.755102040816327,33728,0.0,OK
9.387755102040817,7.959183673469388,33728,0.0,OK
9.387755102040817,8.16326530612245,33728,0.0,OK
9.387755102040817,8.36734693877551,33728,0.0,OK
9.387755102040817,8.571428571428571,33728,0.0,OK
9.387755102040817,8.775510204081632,33728,0.0,OK
9.387755102040817,8.979591836734695,33728,0.0,OK
9.387755102040817,9.183673469387756,33728,0.0,OK
9.387755102040817,9.387755102040817,33728,0.0,OK
9.387755102040817,9.591836734693878,33728,0.0,OK
9.387755102040817,9.795918367346939,33728,0.0,OK
9.387755102040817,10.0,33728,0.0,OK
9.591836734693878,0.0,648,0.0,NOT OK
9.591836734693878,0.20408163265306123,33728,0.0,OK
9.591836734693878,0.40816326530612246,33728,0.0,OK
9.591836734693878,0.6122448979591837,33728,0.0,OK
9.591836734693878,0.8163265306122449,33728,0.0,OK
9.591836734693878,1.0204081632653061,33728,0.0,OK
9.591836734693878,1.2244897959183674,33728,0.0,OK
9.591836734693878,1.4285714285714286,33728,0.0,OK
9.591836734693878,1.6326530612244898,33728,0.0,OK
9.591836734693878,1.836734693877551,33728,0.0,OK
9.591836734693878,2.0408163265306123,33728,0.0,OK
9.591836734693878,2.2448979591836737,33728,0.0,OK
9.591836734693878,2.4489795918367347,33728,0.0,OK
9.591836734693878,2.6530612244897958,33728,0.0,OK
9.591836734693878,2.857142857142857,33728,0.0,OK
9.591836734693878,3.0612244897959187,33728,0.0,OK
9.591836734693878,3.2653061224489797,33728,0.0,OK
9.591836734693878,3.4693877551020407,33728,0.0,OK
9.591836734693878,3.673469387755102,33728,0.0,OK
9.591836734693878,3.8775510204081636,33728,0.0,OK
9.591836734693878,4.081632653061225,35888,0.0,OK
9.591836734693878,4.285714285714286,33728,0.0,OK
9.591836734693878,4.4897959183673475,33728,0.0,OK
9.591836734693878,4.6938775510204085,33728,0.0,OK
9.591836734693878,4.8979591836734695,33728,0.0,OK
9.591836734693878,5.1020408163265305,33728,0.0,OK
9.591836734693878,5.3061224489795915,35888,0.0,OK
9.591836734693878,5.510204081632653,33728,0.0,OK
9.591836734693878,5.714285714285714,33728,0.0,OK
9.591836734693878,5.918367346938775,33728,0.0,OK
9.591836734693878,6.122448979591837,33728,0.0,OK
9.591836734693878,6.326530612244898,33728,0.0,OK
9.591836734693878,6.530612244897959,33728,0.0,OK
9.591836734693878,6.73469387755102,33728,0.0,OK
9.591836734693878,6.938775510204081,33728,0.0,OK
9.591836734693878,7.142857142857143,33728,0.0,OK
9.591836734693878,7.346938775510204,33728,0.0,OK
9.591836734693878,7.551020408163265,33728,0.0,OK
9.591836734693878,7.755102040816327,33728,0.0,OK
9.591836734693878,7.959183673469388,33728,0.0,OK
9.591836734693878,8.16326530612245,33728,0.0,OK
9.591836734693878,8.36734693877551,33728,0.0,OK
9.591836734693878,8.571428571428571,33728,0.0,OK
9.591836734693878,8.775510204081632,33728,0.0,OK
9.591836734693878,8.979591836734695,33728,0.0,OK
9.591836734693878,9.183673469387756,33728,0.0,OK
9.591836734693878,9.387755102040817,33728,0.0,OK
9.591836734693878,9.591836734693878,33728,0.0,OK
9.591836734693878,9.795918367346939,33728,0.0,OK
9.591836734693878,10.0,33728,0.0,OK
9.795918367346939,0.0,648,0.0,NOT OK
9.795918367346939,0.20408163265306123,33728,0.0,OK
9.795918367346939,0.40816326530612246,33728,0.0,OK
9.795918367346939,0.6122448979591837,33728,0.0,OK
9.795918367346939,0.8163265306122449,33728,0.0,OK
9.795918367346939,1.0204081632653061,33728,0.0,OK
9.795918367346939,1.2244897959183674,33728,0.0,OK
9.795918367346939,1.4285714285714286,33728,0.0,OK
9.795918367346939,1.6326530612244898,33728,0.0,OK
9.795918367346939,1.836734693877551,33728,0.0,OK
9.795918367346939,2.0408163265306123,33728,0.0,OK
9.795918367346939,2.2448979591836737,33728,0.0,OK
9.795918367346939,2.4489795918367347,33728,0.0,OK
9.795918367346939,2.6530612244897958,33728,0.0,OK
9.795918367346939,2.857142857142857,33728,0.0,OK
9.795918367346939,3.0612244897959187,33728,0.0,OK
9.795918367346939,3.2653061224489797,33728,0.0,OK
9.795918367346939,3.4693877551020407,33728,0.0,OK
9.795918367346939,3.673469387755102,33728,0.0,OK
9.795918367346939,3.8775510204081636,33728,0.0,OK
9.795918367346939,4.081632653061225,35888,0.0,OK
9.795918367346939,4.285714285714286,33728,0.0,OK
9.795918367346939,4.4897959183673475,33728,0.0,OK
9.795918367346939,4.6938775510204085,33728,0.0,OK
9.795918367346939,4.8979591836734695,33728,0.0,OK
9.795918367346939,5.1020408163265305,33728,0.0,OK
9.795918367346939,5.3061224489795915,35888,0.0,OK
9.795918367346939,5.510204081632653,33728,0.0,OK
9.795918367346939,5.714285714285714,33728,0.0,OK
9.795918367346939,5.918367346938775,33728,0.0,OK
9.795918367346939,6.122448979591837,33728,0.0,OK
9.795918367346939,6.326530612244898,33728,0.0,OK
9.795918367346939,6.530612244897959,33728,0.0,OK
9.795918367346939,6.73469387755102,33728,0.0,OK
9.795918367346939,6.938775510204081,33728,0.0,OK
9.795918367346939,7.142857142857143,33728,0.0,OK
9.795918367346939,7.346938775510204,33728,0.0,OK
9.795918367346939,7.551020408163265,33728,0.0,OK
9.795918367346939,7.755102040816327,33728,0.0,OK
9.795918367346939,7.959183673469388,33728,0.0,OK
9.795918367346939,8.16326530612245,33728,0.0,OK
9.795918367346939,8.36734693877551,33728,0.0,OK
9.795918367346939,8.571428571428571,33728,0.0,OK
9.795918367346939,8.775510204081632,33728,0.0,OK
9.795918367346939,8.979591836734695,33728,0.0,OK
9.795918367346939,9.183673469387756,33728,0.0,OK
9.795918367346939,9.387755102040817,33728,0.0,OK
9.795918367346939,9.591836734693878,33728,0.0,OK
9.795918367346939,9.795918367346939,33728,0.0,OK
9.795918367346939,10.0,33728,0.0,OK
10.0,0.0,648,0.0,NOT OK
10.0,0.20408163265306123,33728,0.0,OK
10.0,0.40816326530612246,33728,0.0,OK
10.0,0.6122448979591837,33728,0.0,OK
10.0,0.8163265306122449,33728,0.0,OK
10.0,1.0204081632653061,33728,0.0,OK
10.0,1.2244897959183674,33728,0.0,OK
10.0,1.4285714285714286,33728,0.0,OK
10.0,1.6326530612244898,33728,0.0,OK
10.0,1.836734693877551,33728,0.0,OK
10.0,2.0408163265306123,33728,0.0,OK
10.0,2.2448979591836737,33728,0.0,OK
10.0,2.4489795918367347,33728,0.0,OK
10.0,2.6530612244897958,33728,0.0,OK
10.0,2.857142857142857,33728,0.0,OK
10.0,3.0612244897959187,33728,0.0,OK
10.0,3.2653061224489797,33728,0.0,OK
10.0,3.4693877551020407,33728,0.0,OK
10.0,3.673469387755102,33728,0.0,OK
10.0,3.8775510204081636,33728,0.0,OK
10.0,4.081632653061225,35888,0.0,OK
10.0,4.285714285714286,33728,0.0,OK
10.0,4.4897959183673475,33728,0.0,OK
10.0,4.6938775510204085,33728,0.0,OK
10.0,4.8979591836734695,33728,0.0,OK
10.0,5.1020408163265305,33728,0.0,OK
10.0,5.3061224489795915,35888,0.0,OK
10.0,5.510204081632653,33728,0.0,OK
10.0,5.714285714285714,33728,0.0,OK
10.0,5.918367346938775,33728,0.0,OK
10.0,6.122448979591837,33728,0.0,OK
10.0,6.326530612244898,33728,0.0,OK
10.0,6.530612244897959,33728,0.0,OK
10.0,6.73469387755102,33728,0.0,OK
10.0,6.938775510204081,33728,0.0,OK
10.0,7.142857142857143,33728,0.0,OK
10.0,7.346938775510204,33728,0.0,OK
10.0,7.551020408163265,33728,0.0,OK
10.0,7.755102040816327,33728,0.0,OK
10.0,7.959183673469388,33728,0.0,OK
10.0,8.16326530612245,33728,0.0,OK
10.0,8.36734693877551,33728,0.0,OK
10.0,8.571428571428571,33728,0.0,OK
10.0,8.775510204081632,33728,0.0,OK
10.0,8.979591836734695,33728,0.0,OK
10.0,9.183673469387756,33728,0.0,OK
10.0,9.387755102040817,33728,0.0,OK
10.0,9.591836734693878,33728,0.0,OK
10.0,9.795918367346939,33728,0.0,OK
10.0,10.0,33728,0.0,OK
